timestamp;proc.cpu_num;proc.cpu_percent;proc.cpu_times.children_system;proc.cpu_times.children_user;proc.cpu_times.iowait;proc.cpu_times.system;proc.cpu_times.user;proc.create_time;proc.cwd;proc.exe;proc.gids.effective;proc.gids.real;proc.gids.saved;proc.io_counters.read_bytes;proc.io_counters.read_chars;proc.io_counters.read_count;proc.io_counters.write_bytes;proc.io_counters.write_chars;proc.io_counters.write_count;proc.ionice.ioclass;proc.ionice.value;proc.memory_full_info.data;proc.memory_full_info.dirty;proc.memory_full_info.lib;proc.memory_full_info.pss;proc.memory_full_info.rss;proc.memory_full_info.shared;proc.memory_full_info.swap;proc.memory_full_info.text;proc.memory_full_info.uss;proc.memory_full_info.vms;proc.memory_info.data;proc.memory_info.dirty;proc.memory_info.lib;proc.memory_info.rss;proc.memory_info.shared;proc.memory_info.text;proc.memory_info.vms;proc.memory_percent;proc.name;proc.nice;proc.num_ctx_switches.involuntary;proc.num_ctx_switches.voluntary;proc.num_fds;proc.num_threads;proc.pid;proc.ppid;proc.status;proc.terminal;proc.uids.effective;proc.uids.real;proc.uids.saved;proc.username;net.bytes_sent.eth0;net.bytes_recv.eth0;net.packets_sent.eth0;net.packets_recv.eth0;net.errin.eth0;net.errout.eth0;net.dropin.eth0;net.dropout.eth0;net.bytes_sent.eth1;net.bytes_recv.eth1;net.packets_sent.eth1;net.packets_recv.eth1;net.errin.eth1;net.errout.eth1;net.dropin.eth1;net.dropout.eth1;net.bytes_sent.eth2;net.bytes_recv.eth2;net.packets_sent.eth2;net.packets_recv.eth2;net.errin.eth2;net.errout.eth2;net.dropin.eth2;net.dropout.eth2;net.bytes_sent.eth3;net.bytes_recv.eth3;net.packets_sent.eth3;net.packets_recv.eth3;net.errin.eth3;net.errout.eth3;net.dropin.eth3;net.dropout.eth3;net.bytes_sent.eth4;net.bytes_recv.eth4;net.packets_sent.eth4;net.packets_recv.eth4;net.errin.eth4;net.errout.eth4;net.dropin.eth4;net.dropout.eth4;net.bytes_sent.ib0;net.bytes_recv.ib0;net.packets_sent.ib0;net.packets_recv.ib0;net.errin.ib0;net.errout.ib0;net.dropin.ib0;net.dropout.ib0;net.bytes_sent.lo;net.bytes_recv.lo;net.packets_sent.lo;net.packets_recv.lo;net.errin.lo;net.errout.lo;net.dropin.lo;net.dropout.lo;disk.read_count.nvme0n1;disk.read_bytes.nvme0n1;disk.write_count.nvme0n1;disk.write_bytes.nvme0n1;disk.read_count.nvme0n1p1;disk.read_bytes.nvme0n1p1;disk.write_count.nvme0n1p1;disk.write_bytes.nvme0n1p1;disk.read_count.nvme0n1p2;disk.read_bytes.nvme0n1p2;disk.write_count.nvme0n1p2;disk.write_bytes.nvme0n1p2;disk.read_count.nvme0n1p3;disk.read_bytes.nvme0n1p3;disk.write_count.nvme0n1p3;disk.write_bytes.nvme0n1p3;disk.read_count.nvme0n1p4;disk.read_bytes.nvme0n1p4;disk.write_count.nvme0n1p4;disk.write_bytes.nvme0n1p4;cpu.guest;cpu.guest_nice;cpu.idle;cpu.iowait;cpu.irq;cpu.nice;cpu.softirq;cpu.steal;cpu.system;cpu.user;cpu.percent;cpu.freq.current;cpu.freq.min;cpu.freq.max;cpu.ctx_switches;cpu.interrupts;cpu.soft_interrupts;cpu.syscalls
1722709925115.9885;2;325.5;0.0;0.0;0.0;6.91;6.01;1722709911.89;/home/zmr280;/var/scratch/zmr280/opencraft/opencraft.x86_64;5378;5378;5378;4096;10954967;8358;32768;11937;192;0;4;1515405312;0;0;512447488;512573440;152031232;0;8192;511909888;7672643584;1515405312;0;0;512573440;152031232;8192;7672643584;0.379633952053148;opencraft.x86_64;0;2833;1694;44;120;408843;1;running;None;5378;5378;5378;zmr280;65761524268;541202079327;170698191;739709791;0;0;0;0;0;0;0;0;0;0;0;0;0;0;0;0;0;0;0;0;0;0;0;0;0;0;0;0;19989945005;63902979337;10633850;12525156;0;0;0;0;0;0;0;0;0;0;0;0;12908966;12908966;71774;71774;0;0;0;0;443512;9342895104;3395381;420476109824;497;2242560;11;1057792;381487;9084290048;250867;11294011392;61343;252192768;3144491;409180811264;56;1728512;0;0;0.0;0.0;43470162.06;780.77;15112.96;613.65;3989.79;0.0;1840129.68;1624382.83;7.1;2.694208333333332;1500.0;2800.0;75433607987;6413576637;1045710459;0
1722709926184.568;2;344.5;0.0;0.0;0.0;7.42;9.18;1722709911.89;/home/zmr280;/var/scratch/zmr280/opencraft/opencraft.x86_64;5378;5378;5378;4096;13510247;15378;32768;11937;192;0;4;1513906176;0;0;511230976;511365120;152031232;0;8192;510693376;7678095360;1513906176;0;0;511365120;152031232;8192;7678095360;0.3787390182521597;opencraft.x86_64;0;2928;4840;44;120;408843;1;running;None;5378;5378;5378;zmr280;65761526864;541202084033;170698202;739709801;0;0;0;0;0;0;0;0;0;0;0;0;0;0;0;0;0;0;0;0;0;0;0;0;0;0;0;0;19989945005;63902979337;10633850;12525156;0;0;0;0;0;0;0;0;0;0;0;0;12908966;12908966;71774;71774;0;0;0;0;443512;9342895104;3395381;420476109824;497;2242560;11;1057792;381487;9084290048;250867;11294011392;61343;252192768;3144491;409180811264;56;1728512;0;0;0.0;0.0;43470209.25;780.77;15113.05;613.68;3989.82;0.0;1840130.32;1624386.13;8.0;2.717812499999999;1500.0;2800.0;75433718778;6413631779;1045720038;0
1722709927249.5283;2;351.1;0.0;0.0;0.0;8.22;12.12;1722709911.89;/home/zmr280;/var/scratch/zmr280/opencraft/opencraft.x86_64;5378;5378;5378;4096;15695703;21382;32768;11937;192;0;4;1513906176;0;0;510952448;511086592;152031232;0;8192;510414848;7678095360;1513906176;0;0;511086592;152031232;8192;7678095360;0.37853272842684715;opencraft.x86_64;0;3024;7915;44;120;408843;1;running;None;5378;5378;5378;zmr280;65761529224;541202094905;170698212;739709827;0;0;0;0;0;0;0;0;0;0;0;0;0;0;0;0;0;0;0;0;0;0;0;0;0;0;0;0;19989945005;63902979337;10633850;12525156;0;0;0;0;0;0;0;0;0;0;0;0;12908966;12908966;71774;71774;0;0;0;0;443512;9342895104;3395381;420476109824;497;2242560;11;1057792;381487;9084290048;250867;11294011392;61343;252192768;3144491;409180811264;56;1728512;0;0;0.0;0.0;43470256.38;780.77;15113.13;613.71;3989.85;0.0;1840131.01;1624388.79;6.9;2.7783958333333323;1500.0;2800.0;75433833630;6413689604;1045729539;0
1722709928316.5208;2;322.5;0.0;0.0;0.0;8.9;14.88;1722709911.89;/home/zmr280;/var/scratch/zmr280/opencraft/opencraft.x86_64;5378;5378;5378;4096;17246343;25642;32768;11937;192;0;4;1520410624;0;0;514012160;513986560;152031232;0;8192;513474560;7678095360;1520410624;0;0;513986560;152031232;8192;7678095360;0.3806805695492191;opencraft.x86_64;0;3124;11133;44;120;408843;1;running;None;5378;5378;5378;zmr280;65761531584;541202116911;170698222;739709910;0;0;0;0;0;0;0;0;0;0;0;0;0;0;0;0;0;0;0;0;0;0;0;0;0;0;0;0;19989951039;63902979741;10633853;12525158;0;0;0;0;0;0;0;0;0;0;0;0;12908966;12908966;71774;71774;0;0;0;0;443512;9342895104;3395381;420476109824;497;2242560;11;1057792;381487;9084290048;250867;11294011392;61343;252192768;3144491;409180811264;56;1728512;0;0;0.0;0.0;43470303.86;780.77;15113.22;613.74;3989.87;0.0;1840131.76;1624391.7;7.4;2.7358958333333323;1500.0;2800.0;75433937063;6413746178;1045739653;0
1722709929382.5186;2;323.6;0.0;0.0;0.0;9.62;17.61;1722709911.89;/home/zmr280;/var/scratch/zmr280/opencraft/opencraft.x86_64;5378;5378;5378;4096;18731463;29722;32768;11937;192;0;4;1522507776;0;0;518755328;518758400;152031232;0;8192;518217728;7678095360;1522507776;0;0;518758400;152031232;8192;7678095360;0.3842147996446476;opencraft.x86_64;0;3221;14176;44;120;408843;1;running;None;5378;5378;5378;zmr280;65761533944;541202154263;170698232;739710038;0;0;0;0;0;0;0;0;0;0;0;0;0;0;0;0;0;0;0;0;0;0;0;0;0;0;0;0;19989951105;63902979741;10633854;12525158;0;0;0;0;0;0;0;0;0;0;0;0;12908966;12908966;71774;71774;0;0;0;0;443512;9342895104;3395381;420476109824;497;2242560;11;1057792;381487;9084290048;250867;11294011392;61343;252192768;3144491;409180811264;56;1728512;0;0;0.0;0.0;43470351.26;780.77;15113.3;613.76;3989.89;0.0;1840132.48;1624394.36;6.9;2.7542708333333317;1500.0;2800.0;75434038244;6413801202;1045748188;0
1722709930448.5117;2;321.8;0.0;0.0;0.0;10.29;20.37;1722709911.89;/home/zmr280;/var/scratch/zmr280/opencraft/opencraft.x86_64;5378;5378;5378;4096;20187463;33722;32768;11937;192;0;4;1522507776;0;0;519820288;519905280;152031232;0;8192;519282688;7678095360;1522507776;0;0;519905280;152031232;8192;7678095360;0.38506422833711107;opencraft.x86_64;0;3317;17227;44;120;408843;1;running;None;5378;5378;5378;zmr280;65761536304;541202180641;170698242;739710150;0;0;0;0;0;0;0;0;0;0;0;0;0;0;0;0;0;0;0;0;0;0;0;0;0;0;0;0;19989951105;63902979741;10633854;12525158;0;0;0;0;0;0;0;0;0;0;0;0;12908966;12908966;71774;71774;0;0;0;0;443512;9342895104;3395381;420476109824;497;2242560;11;1057792;381487;9084290048;250867;11294011392;61343;252192768;3144491;409180811264;56;1728512;0;0;0.0;0.0;43470398.93;780.77;15113.39;613.79;3989.92;0.0;1840133.18;1624397.16;7.1;2.723645833333332;1500.0;2800.0;75434137862;6413854671;1045757102;0
1722709931519.6099;2;322.2;0.0;0.0;0.0;11.04;23.07;1722709911.89;/home/zmr280;/var/scratch/zmr280/opencraft/opencraft.x86_64;5378;5378;5378;4096;21649287;37738;32768;11937;192;0;4;1522507776;0;0;519828480;519950336;152031232;0;8192;519290880;7678095360;1522507776;0;0;519950336;152031232;8192;7678095360;0.3850975987500293;opencraft.x86_64;0;3411;20292;44;120;408843;1;running;None;5378;5378;5378;zmr280;65761538664;541202230602;170698252;739710351;0;0;0;0;0;0;0;0;0;0;0;0;0;0;0;0;0;0;0;0;0;0;0;0;0;0;0;0;19989951337;63902979923;10633856;12525159;0;0;0;0;0;0;0;0;0;0;0;0;12908966;12908966;71774;71774;0;0;0;0;443512;9342895104;3395381;420476109824;497;2242560;11;1057792;381487;9084290048;250867;11294011392;61343;252192768;3144491;409180811264;56;1728512;0;0;0.0;0.0;43470446.4;780.77;15113.46;613.81;3989.94;0.0;1840133.9;1624399.67;6.6;2.736874999999999;1500.0;2800.0;75434236376;6413906339;1045766455;0
1722709932584.4836;25;297.7;0.0;0.0;0.0;11.66;25.62;1722709911.89;/home/zmr280;/var/scratch/zmr280/opencraft/opencraft.x86_64;5378;5378;5378;4096;22846119;41026;32768;11937;192;0;4;1522499584;0;0;519820288;519946240;152031232;0;8192;519282688;7678095360;1522499584;0;0;519946240;152031232;8192;7678095360;0.3850945650761276;opencraft.x86_64;0;3502;22807;44;120;408843;1;running;None;5378;5378;5378;zmr280;65761541024;541202286684;170698262;739710568;0;0;0;0;0;0;0;0;0;0;0;0;0;0;0;0;0;0;0;0;0;0;0;0;0;0;0;0;19989951337;63902979923;10633856;12525159;0;0;0;0;0;0;0;0;0;0;0;0;12908966;12908966;71774;71774;0;0;0;0;443512;9342895104;3395381;420476109824;497;2242560;11;1057792;381487;9084290048;250867;11294011392;61343;252192768;3144491;409180811264;56;1728512;0;0;0.0;0.0;43470494.12;780.77;15113.54;613.82;3989.96;0.0;1840134.39;1624401.95;5.7;2.6649999999999983;1500.0;2800.0;75434318136;6413950239;1045774106;0
1722709933650.5447;26;270.1;0.0;0.0;0.0;12.27;27.89;1722709911.89;/home/zmr280;/var/scratch/zmr280/opencraft/opencraft.x86_64;5378;5378;5378;4096;23499863;42822;36864;11963;193;0;4;1516007424;0;0;513287168;513413120;152158208;0;8192;512749568;7678095360;1516007424;0;0;513413120;152158208;8192;7678095360;0.3802558552029874;opencraft.x86_64;0;3596;25575;44;120;408843;1;running;None;5378;5378;5378;zmr280;65761543620;541202337614;170698273;739710783;0;0;0;0;0;0;0;0;0;0;0;0;0;0;0;0;0;0;0;0;0;0;0;0;0;0;0;0;19989961545;63902980797;10633862;12525164;0;0;0;0;0;0;0;0;0;0;0;0;12908966;12908966;71774;71774;0;0;0;0;443512;9342895104;3395381;420476109824;497;2242560;11;1057792;381487;9084290048;250867;11294011392;61343;252192768;3144491;409180811264;56;1728512;0;0;0.0;0.0;43470542.14;780.77;15113.6;613.84;3989.98;0.0;1840134.98;1624404.18;5.7;2.7330833333333326;1500.0;2800.0;75434385834;6413986008;1045780143;0
1722709934715.51;25;256.4;0.0;0.0;0.0;12.77;30.12;1722709911.89;/home/zmr280;/var/scratch/zmr280/opencraft/opencraft.x86_64;5378;5378;5378;4096;23959959;44086;36864;11963;193;0;4;1517051904;0;0;513442816;513568768;152158208;0;8192;512905216;7678095360;1517051904;0;0;513568768;152158208;8192;7678095360;0.3803711348112503;opencraft.x86_64;0;3685;28384;44;120;408843;1;running;None;5378;5378;5378;zmr280;65761545980;541202415046;170698283;739711100;0;0;0;0;0;0;0;0;0;0;0;0;0;0;0;0;0;0;0;0;0;0;0;0;0;0;0;0;19989961545;63902980797;10633862;12525164;0;0;0;0;0;0;0;0;0;0;0;0;12908966;12908966;71774;71774;0;0;0;0;443512;9342895104;3395381;420476109824;497;2242560;11;1057792;381487;9084290048;250867;11294011392;61343;252192768;3144491;409180811264;56;1728512;0;0;0.0;0.0;43470590.44;780.77;15113.67;613.85;3990.0;0.0;1840135.58;1624406.54;6.0;2.730645833333332;1500.0;2800.0;75434448452;6414019993;1045786573;0
1722709935784.5173;1;379.0;0.0;0.0;0.0;13.34;33.61;1722709911.89;/home/zmr280;/var/scratch/zmr280/opencraft/opencraft.x86_64;5378;5378;5378;4096;24424423;45362;45056;13727;224;0;4;2214301696;0;0;711119872;707665920;152584192;0;8192;710582272;10161123328;2214301696;0;0;707665920;152584192;8192;10161123328;0.5241278399889914;opencraft.x86_64;0;3780;30695;44;120;408843;1;running;None;5378;5378;5378;zmr280;65761548340;541202480822;170698293;739711379;0;0;0;0;0;0;0;0;0;0;0;0;0;0;0;0;0;0;0;0;0;0;0;0;0;0;0;0;19989966791;63902981003;10633863;12525165;0;0;0;0;0;0;0;0;0;0;0;0;12908966;12908966;71774;71774;0;0;0;0;443512;9342895104;3395381;420476109824;497;2242560;11;1057792;381487;9084290048;250867;11294011392;61343;252192768;3144491;409180811264;56;1728512;0;0;0.0;0.0;43470637.21;780.77;15113.79;613.86;3990.03;0.0;1840136.23;1624410.38;9.1;2.651666666666665;1500.0;2800.0;75434522509;6414100581;1045796444;0
1722709936855.8345;2;605.5;0.0;0.0;0.0;14.15;39.32;1722709911.89;/home/zmr280;/var/scratch/zmr280/opencraft/opencraft.x86_64;5378;5378;5378;4096;24998170;46938;49152;14257;233;0;4;4714516480;0;0;1379165184;1372094464;153149440;0;8192;1378627584;12778369024;4697739264;0;0;1369997312;153149440;8192;12778369024;1.0146789772344618;opencraft.x86_64;0;3880;32697;44;120;408843;1;running;None;5378;5378;5378;zmr280;65766529126;541202777739;170702536;739712985;0;0;0;0;0;0;0;0;0;0;0;0;0;0;0;0;0;0;0;0;0;0;0;0;0;0;0;0;19989968605;63902981209;10633866;12525166;0;0;0;0;0;0;0;0;0;0;0;0;12908966;12908966;71774;71774;0;0;0;0;443512;9342895104;3395381;420476109824;497;2242560;11;1057792;381487;9084290048;250867;11294011392;61343;252192768;3144491;409180811264;56;1728512;0;0;0.0;0.0;43470682.0;780.77;15113.97;613.87;3990.08;0.0;1840137.07;1624416.03;13.0;2.7574999999999985;1500.0;2800.0;75434613996;6414239978;1045808865;0
1722709937935.5508;2;531.2;0.0;0.0;0.0;14.74;44.48;1722709911.89;/home/zmr280;/var/scratch/zmr280/opencraft/opencraft.x86_64;5378;5378;5378;4096;25480437;48262;49152;14257;233;0;4;6090244096;0;0;1772942336;1767305216;153149440;0;8192;1772404736;14388981760;6090244096;0;0;1767305216;153149440;8192;14388981760;1.308942312021127;opencraft.x86_64;0;3973;33972;44;120;408843;1;running;None;5378;5378;5378;zmr280;65768877677;541202956727;170704714;739713964;0;0;0;0;0;0;0;0;0;0;0;0;0;0;0;0;0;0;0;0;0;0;0;0;0;0;0;0;19989968605;63902981209;10633866;12525166;0;0;0;0;0;0;0;0;0;0;0;0;12908966;12908966;71774;71774;0;0;0;0;443512;9342895104;3395381;420476109824;497;2242560;11;1057792;381487;9084290048;250867;11294011392;61343;252192768;3144491;409180811264;56;1728512;0;0;0.0;0.0;43470727.95;780.77;15114.12;613.88;3990.11;0.0;1840137.75;1624421.31;11.8;2.7606666666666655;1500.0;2800.0;75434691361;6414356856;1045820118;0
1722709939019.5908;2;506.1;0.0;0.0;0.0;15.62;49.11;1722709911.89;/home/zmr280;/var/scratch/zmr280/opencraft/opencraft.x86_64;5378;5378;5378;4096;26034097;49782;57344;16613;274;0;4;7275986944;0;0;2153255936;2147778560;153149440;0;8192;2152718336;15462723584;7275986944;0;0;2147778560;153149440;8192;15462723584;1.590737247071989;opencraft.x86_64;0;4062;36047;44;120;408843;1;running;None;5378;5378;5378;zmr280;65770372944;541203180015;170706565;739715274;0;0;0;0;0;0;0;0;0;0;0;0;0;0;0;0;0;0;0;0;0;0;0;0;0;0;0;0;19989983139;63902982355;10633873;12525173;0;0;0;0;0;0;0;0;0;0;0;0;12908966;12908966;71774;71774;0;0;0;0;443512;9342895104;3395381;420476109824;497;2242560;11;1057792;381487;9084290048;250867;11294011392;61343;252192768;3144491;409180811264;56;1728512;0;0;0.0;0.0;43470774.02;780.77;15114.34;613.89;3990.15;0.0;1840138.69;1624426.11;11.5;2.5279791666666656;1500.0;2800.0;75434785445;6414532681;1045832956;0
1722709940109.9473;11;672.7;0.0;0.0;0.0;16.53;55.6;1722709911.89;/home/zmr280;/var/scratch/zmr280/opencraft/opencraft.x86_64;5378;5378;5378;4096;26589214;51306;57344;16613;274;0;4;10295873536;0;0;2963121152;2957529088;153149440;0;8192;2962583552;18415513600;10295873536;0;0;2957529088;153149440;8192;18415513600;2.1904733417119364;opencraft.x86_64;0;4153;38181;44;120;408843;1;running;None;5378;5378;5378;zmr280;65774761427;541203494746;170710663;739717028;0;0;0;0;0;0;0;0;0;0;0;0;0;0;0;0;0;0;0;0;0;0;0;0;0;0;0;0;19989983205;63902982355;10633874;12525173;0;0;0;0;0;0;0;0;0;0;0;0;12908966;12908966;71774;71774;0;0;0;0;443512;9342895104;3395381;420476109824;497;2242560;11;1057792;381487;9084290048;250867;11294011392;61343;252192768;3144491;409180811264;56;1728512;0;0;0.0;0.0;43470818.93;780.77;15114.58;613.9;3990.2;0.0;1840139.64;1624432.8;15.0;2.727770833333332;1500.0;2800.0;75434875858;6414718791;1045848339;0
1722709941214.1118;11;558.4;0.0;0.0;0.0;17.2;61.08;1722709911.89;/home/zmr280;/var/scratch/zmr280/opencraft/opencraft.x86_64;5378;5378;5378;4096;27116648;52754;57344;16613;274;0;4;11475726336;0;0;3322442752;3318927360;153149440;0;8192;3321905152;19757690880;11475726336;0;0;3318927360;153149440;8192;19757690880;2.458140457402789;opencraft.x86_64;0;4253;40070;44;120;408843;1;running;None;5378;5378;5378;zmr280;65777892823;541203791875;170713928;739718719;0;0;0;0;0;0;0;0;0;0;0;0;0;0;0;0;0;0;0;0;0;0;0;0;0;0;0;0;19989983205;63902982355;10633874;12525173;0;0;0;0;0;0;0;0;0;0;0;0;12908966;12908966;71774;71774;0;0;0;0;443512;9342895104;3395381;420476109824;497;2242560;11;1057792;381487;9084290048;250867;11294011392;61343;252192768;3144491;409180811264;56;1728512;0;0;0.0;0.0;43470864.96;780.77;15114.75;613.92;3990.24;0.0;1840140.4;1624438.09;12.0;2.7157499999999986;1500.0;2800.0;75434961088;6414852266;1045861181;0
1722709942305.8572;11;533.8;0.0;0.0;0.0;18.09;66.04;1722709911.89;/home/zmr280;/var/scratch/zmr280/opencraft/opencraft.x86_64;5378;5378;5378;4096;27753357;54502;65536;18943;314;0;4;12801122304;0;0;3681702912;3678052352;153149440;0;8192;3681165312;21099868160;12801122304;0;0;3673858048;153149440;8192;21099868160;2.7210174020029285;opencraft.x86_64;0;4345;43264;44;120;408843;1;running;None;5378;5378;5378;zmr280;65779079824;541204124382;170716046;739720663;0;0;0;0;0;0;0;0;0;0;0;0;0;0;0;0;0;0;0;0;0;0;0;0;0;0;0;0;19989989637;63902982561;10633876;12525174;0;0;0;0;0;0;0;0;0;0;0;0;12908966;12908966;71774;71774;0;0;0;0;443512;9342895104;3395381;420476109824;497;2242560;11;1057792;381487;9084290048;250867;11294011392;61343;252192768;3144491;409180811264;56;1728512;0;0;0.0;0.0;43470911.12;780.78;15114.92;613.93;3990.29;0.0;1840141.32;1624443.3;12.1;2.780666666666665;1500.0;2800.0;75435070012;6414982455;1045875556;0
1722709943402.7017;11;652.9;0.0;0.0;0.0;18.94;72.38;1722709911.89;/home/zmr280;/var/scratch/zmr280/opencraft/opencraft.x86_64;5378;5378;5378;4096;28378632;56218;69632;18969;315;0;4;15418368000;0;0;4466422784;4459921408;153149440;0;8192;4465885184;23515787264;15418368000;0;0;4459921408;153149440;8192;23515787264;3.303209760469603;opencraft.x86_64;0;4441;46434;44;120;408843;1;running;None;5378;5378;5378;zmr280;65782591636;541204562664;170720028;739723131;0;0;0;0;0;0;0;0;0;0;0;0;0;0;0;0;0;0;0;0;0;0;0;0;0;0;0;0;19989992851;63902983801;10633883;12525180;0;0;0;0;0;0;0;0;0;0;0;0;12908966;12908966;71774;71774;0;0;0;0;443512;9342895104;3395381;420476109824;497;2242560;11;1057792;381487;9084290048;250867;11294011392;61343;252192768;3144491;409180811264;56;1728512;0;0;0.0;0.0;43470955.9;780.78;15115.23;613.94;3990.34;0.0;1840142.42;1624450.09;15.6;2.7468333333333317;1500.0;2800.0;75435178253;6415240984;1045892492;0
1722709944503.6929;11;633.0;0.0;0.0;0.0;19.84;78.45;1722709911.89;/home/zmr280;/var/scratch/zmr280/opencraft/opencraft.x86_64;5378;5378;5378;4096;28963290;57822;73728;19458;324;0;4;16643104768;0;0;4910543872;4906979328;153149440;0;8192;4910006272;24857964544;16643104768;0;0;4906979328;153149440;8192;24857964544;3.6343200984657744;opencraft.x86_64;0;4534;49049;44;120;408843;1;running;None;5378;5378;5378;zmr280;65786404251;541204973991;170724160;739725488;0;0;0;0;0;0;0;0;0;0;0;0;0;0;0;0;0;0;0;0;0;0;0;0;0;0;0;0;19990003353;63902984411;10633890;12525183;0;0;0;0;0;0;0;0;0;0;0;0;12908966;12908966;71774;71774;0;0;0;0;443512;9342895104;3395381;420476109824;497;2242560;11;1057792;381487;9084290048;250867;11294011392;61343;252192768;3144491;409180811264;56;1728512;0;0;0.0;0.0;43471001.61;780.78;15115.43;613.95;3990.39;0.0;1840143.31;1624456.11;13.6;2.7024374999999985;1500.0;2800.0;75435284875;6415413208;1045909411;0
1722709945605.8296;9;606.5;0.0;0.0;0.0;20.69;84.32;1722709911.89;/home/zmr280;/var/scratch/zmr280/opencraft/opencraft.x86_64;5378;5378;5378;4096;29444430;59142;81920;21299;355;0;4;18857701376;0;0;5523915776;5515091968;153149440;0;8192;5523378176;27014627328;18840924160;0;0;5515091968;153149440;8192;27014627328;4.084714494275032;opencraft.x86_64;0;4627;50695;44;120;408843;1;running;None;5378;5378;5378;zmr280;65788494950;541205438514;170727378;739728214;0;0;0;0;0;0;0;0;0;0;0;0;0;0;0;0;0;0;0;0;0;0;0;0;0;0;0;0;19990008045;63902984617;10633892;12525184;0;0;0;0;0;0;0;0;0;0;0;0;12908966;12908966;71774;71774;0;0;0;0;443512;9342895104;3395381;420476109824;497;2242560;11;1057792;381487;9084290048;250867;11294011392;61343;252192768;3144491;409180811264;56;1728512;0;0;0.0;0.0;43471047.49;780.78;15115.64;613.96;3990.44;0.0;1840144.2;1624462.01;13.3;2.737166666666665;1500.0;2800.0;75435370242;6415582888;1045925193;0
1722709946715.57;33;664.9;0.0;0.0;0.0;21.74;90.67;1722709911.89;/home/zmr280;/var/scratch/zmr280/opencraft/opencraft.x86_64;5378;5378;5378;4096;29915364;60434;81920;21299;355;0;4;21189738496;0;0;6207263744;6204227584;153149440;0;8192;6206726144;29430546432;21189738496;0;0;6204227584;153149440;8192;29430546432;4.595117993532935;opencraft.x86_64;0;4723;51993;44;120;408843;1;running;None;5378;5378;5378;zmr280;65792618169;541205988023;170732210;739731367;0;0;0;0;0;0;0;0;0;0;0;0;0;0;0;0;0;0;0;0;0;0;0;0;0;0;0;0;19990008045;63902984617;10633892;12525184;0;0;0;0;0;0;0;0;0;0;0;0;12908966;12908966;71774;71774;0;0;0;0;443512;9342895104;3395381;420476109824;497;2242560;11;1057792;381487;9084290048;250867;11294011392;61343;252192768;3144491;409180811264;56;1728512;0;0;0.0;0.0;43471092.92;780.78;15115.96;613.97;3990.49;0.0;1840145.38;1624468.8;15.5;2.686416666666665;1500.0;2800.0;75435454309;6415787451;1045942636;0
1722709947830.6194;9;653.1;0.0;0.0;0.0;22.63;97.09;1722709911.89;/home/zmr280;/var/scratch/zmr280/opencraft/opencraft.x86_64;5378;5378;5378;4096;30469404;61954;86016;23655;396;0;4;22280253440;0;0;6635095040;6632505344;153149440;0;8192;6634557440;30504288256;22280253440;0;0;6632505344;153149440;8192;30504288256;4.912318936690017;opencraft.x86_64;0;4806;54386;44;120;408843;1;running;None;5378;5378;5378;zmr280;65796337514;541206529775;170736742;739734466;0;0;0;0;0;0;0;0;0;0;0;0;0;0;0;0;0;0;0;0;0;0;0;0;0;0;0;0;19990010997;63902984823;10633894;12525185;0;0;0;0;0;0;0;0;0;0;0;0;12908966;12908966;71774;71774;0;0;0;0;443512;9342895104;3395381;420476109824;497;2242560;11;1057792;381487;9084290048;250867;11294011392;61343;252192768;3144491;409180811264;56;1728512;0;0;0.0;0.0;43471138.39;780.78;15116.33;613.98;3990.54;0.0;1840146.36;1624475.52;15.2;2.5948124999999984;1500.0;2800.0;75435554687;6416075309;1045962192;0
1722709948945.9124;11;713.2;0.0;0.0;0.0;23.44;104.27;1722709911.89;/home/zmr280;/var/scratch/zmr280/opencraft/opencraft.x86_64;5378;5378;5378;4096;30899514;63134;86016;23655;396;0;4;24796835840;0;0;7340110848;7335739392;153149440;0;8192;7339573248;32920207360;24796835840;0;0;7335739392;153149440;8192;32920207360;5.433164341517418;opencraft.x86_64;0;4899;55705;44;120;408843;1;running;None;5378;5378;5378;zmr280;65799092031;541207137877;170740881;739738036;0;0;0;0;0;0;0;0;0;0;0;0;0;0;0;0;0;0;0;0;0;0;0;0;0;0;0;0;19990018069;63902985227;10633898;12525187;0;0;0;0;0;0;0;0;0;0;0;0;12908966;12908966;71774;71774;0;0;0;0;443512;9342895104;3395381;420476109824;497;2242560;11;1057792;381487;9084290048;250867;11294011392;61343;252192768;3144491;409180811264;56;1728512;0;0;0.0;0.0;43471183.61;780.78;15116.65;614.0;3990.6;0.0;1840147.26;1624482.49;15.5;2.728770833333332;1500.0;2800.0;75435635482;6416285213;1045980730;0
1722709950068.6191;11;659.3;0.0;0.0;0.0;24.29;110.84;1722709911.89;/home/zmr280;/var/scratch/zmr280/opencraft/opencraft.x86_64;5378;5378;5378;4096;31354410;64382;86016;23655;396;0;4;26701840384;0;0;7922770944;7923523584;153149440;0;8192;7922233344;34799255552;26701840384;0;0;7923523584;153149440;8192;34799255552;5.86850261375276;opencraft.x86_64;0;4988;57051;44;120;408843;1;running;None;5378;5378;5378;zmr280;65803436467;541207816605;170746231;739741915;0;0;0;0;0;0;0;0;0;0;0;0;0;0;0;0;0;0;0;0;0;0;0;0;0;0;0;0;19990018069;63902985227;10633898;12525187;0;0;0;0;0;0;0;0;0;0;0;0;12908966;12908966;71774;71774;0;0;0;0;443512;9342895104;3395394;420476167168;497;2242560;11;1057792;381487;9084290048;250880;11294068736;61343;252192768;3144491;409180811264;56;1728512;0;0;0.0;0.0;43471229.61;780.78;15116.88;614.01;3990.65;0.0;1840148.07;1624488.9;14.0;2.438874999999999;1500.0;2800.0;75435720226;6416469554;1045998597;0
1722709951191.881;35;644.5;0.0;0.0;0.0;25.1;117.24;1722709911.89;/home/zmr280;/var/scratch/zmr280/opencraft/opencraft.x86_64;5378;5378;5378;4096;31896786;65870;94208;25985;436;0;4;28346011648;0;0;8471114752;8462856192;153149440;0;8192;8470577152;36409868288;28329234432;0;0;8460488704;153149440;8192;36409868288;6.266202093890266;opencraft.x86_64;0;5082;59397;44;120;408843;1;sleeping;None;5378;5378;5378;zmr280;65809910980;541209216629;170755641;739750123;0;0;0;0;0;0;0;0;0;0;0;0;0;0;0;0;0;0;0;0;0;0;0;0;0;0;0;0;19990023353;63902985433;10633900;12525188;0;0;0;0;0;0;0;0;0;0;0;0;12908966;12908966;71774;71774;0;0;0;0;443512;9342895104;3395394;420476167168;497;2242560;11;1057792;381487;9084290048;250880;11294068736;61343;252192768;3144491;409180811264;56;1728512;0;0;0.0;0.0;43471274.9;780.78;15117.21;614.02;3990.7;0.0;1840149.1;1624496.14;16.1;2.5507291666666654;1500.0;2800.0;75435818866;6416753774;1046019277;0
1722709952317.8882;4;824.7;0.0;0.0;0.0;26.03;125.71;1722709911.89;/home/zmr280;/var/scratch/zmr280/opencraft/opencraft.x86_64;5378;5378;5378;4096;32401254;67254;98304;26011;437;0;4;30956756992;0;0;9315836928;9311494144;153149440;0;8192;9315299328;39094222848;30956756992;0;0;9311494144;153149440;8192;39094222848;6.896493352067686;opencraft.x86_64;0;5168;61257;44;120;408843;1;running;None;5378;5378;5378;zmr280;65814861890;541210010474;170761868;739754732;0;0;0;0;0;0;0;0;0;0;0;0;0;0;0;0;0;0;0;0;0;0;0;0;0;0;0;0;19990024565;63902985639;10633902;12525189;0;0;0;0;0;0;0;0;0;0;0;0;12908966;12908966;71774;71774;0;0;0;0;443512;9342895104;3395394;420476167168;497;2242560;11;1057792;381487;9084290048;250880;11294068736;61343;252192768;3144491;409180811264;56;1728512;0;0;0.0;0.0;43471319.99;780.78;15117.46;614.03;3990.77;0.0;1840149.94;1624503.79;16.4;2.7706458333333317;1500.0;2800.0;75435917505;6416940416;1046041349;0
1722709953452.6226;5;627.2;0.0;0.0;0.0;26.64;132.23;1722709911.89;/home/zmr280;/var/scratch/zmr280/opencraft/opencraft.x86_64;5378;5378;5378;4096;32802204;68354;102400;27144;457;0;4;32080826368;0;0;9669035008;9665392640;153149440;0;8192;9668497408;40167964672;32080826368;0;0;9665392640;153149440;8192;40167964672;7.158605810844608;opencraft.x86_64;0;5256;62388;44;120;408843;1;running;None;5378;5378;5378;zmr280;65818324731;541210777995;170766965;739759219;0;0;0;0;0;0;0;0;0;0;0;0;0;0;0;0;0;0;0;0;0;0;0;0;0;0;0;0;19990027197;63902985845;10633904;12525190;0;0;0;0;0;0;0;0;0;0;0;0;12908966;12908966;71774;71774;0;0;0;0;443512;9342895104;3395394;420476167168;497;2242560;11;1057792;381487;9084290048;250880;11294068736;61343;252192768;3144491;409180811264;56;1728512;0;0;0.0;0.0;43471366.97;780.78;15117.64;614.04;3990.82;0.0;1840150.59;1624510.18;13.5;2.689458333333332;1500.0;2800.0;75435997871;6417069796;1046060253;0
1722709954590.8862;5;799.9;0.0;0.0;0.0;27.97;140.11;1722709911.89;/home/zmr280;/var/scratch/zmr280/opencraft/opencraft.x86_64;5378;5378;5378;4096;33194649;69430;110592;28367;478;0;4;34594742272;0;0;10433553408;10422251520;153149440;0;8192;10433015808;43120754688;34594742272;0;0;10419888128;153149440;8192;43120754688;7.717417644551225;opencraft.x86_64;0;5348;63560;44;120;408843;1;sleeping;None;5378;5378;5378;zmr280;65822434394;541211639001;170772874;739764339;0;0;0;0;0;0;0;0;0;0;0;0;0;0;0;0;0;0;0;0;0;0;0;0;0;0;0;0;19990042151;63902987173;10633913;12525198;0;0;0;0;0;0;0;0;0;0;0;0;12908966;12908966;71774;71774;0;0;0;0;443512;9342895104;3395394;420476167168;497;2242560;11;1057792;381487;9084290048;250880;11294068736;61343;252192768;3144491;409180811264;56;1728512;0;0;0.0;0.0;43471410.75;780.78;15118.21;614.05;3990.88;0.0;1840152.1;1624519.14;20.2;2.7581249999999984;1500.0;2800.0;75436079896;6417423187;1046082576;0
1722709955741.745;8;872.9;0.0;0.0;0.0;28.8;149.29;1722709911.89;/home/zmr280;/var/scratch/zmr280/opencraft/opencraft.x86_64;5378;5378;5378;4096;33595874;70530;110592;28367;478;0;4;36778463232;0;0;11128652800;11124645888;153149440;0;8192;11128115200;45268238336;36778463232;0;0;11124645888;153149440;8192;45268238336;8.239391576070041;opencraft.x86_64;0;5436;64710;44;120;408843;1;sleeping;None;5378;5378;5378;zmr280;65827297733;541212530826;170779205;739769555;0;0;0;0;0;0;0;0;0;0;0;0;0;0;0;0;0;0;0;0;0;0;0;0;0;0;0;0;19990042217;63902987173;10633914;12525198;0;0;0;0;0;0;0;0;0;0;0;0;12908966;12908966;71774;71774;0;0;0;0;443512;9342895104;3395394;420476167168;497;2242560;11;1057792;381487;9084290048;250880;11294068736;61343;252192768;3144491;409180811264;56;1728512;0;0;0.0;0.0;43471456.35;780.78;15118.47;614.07;3990.94;0.0;1840152.94;1624527.41;17.2;2.4983124999999986;1500.0;2800.0;75436161847;6417600585;1046105495;0
1722709956892.0632;30;677.2;0.0;0.0;0.0;29.5;156.4;1722709911.89;/home/zmr280;/var/scratch/zmr280/opencraft/opencraft.x86_64;5378;5378;5378;4096;33982509;71590;118784;30697;518;0;4;37983739904;0;0;11493729280;11485798400;153149440;0;8192;11493191680;46341980160;37966962688;0;0;11485798400;153149440;8192;46341980160;8.506876671326795;opencraft.x86_64;0;5526;65821;44;120;408843;1;running;None;5378;5378;5378;zmr280;65831097577;541213394791;170784918;739774664;0;0;0;0;0;0;0;0;0;0;0;0;0;0;0;0;0;0;0;0;0;0;0;0;0;0;0;0;19990048117;63902987379;10633916;12525199;0;0;0;0;0;0;0;0;0;0;0;0;12908966;12908966;71774;71774;0;0;0;0;443512;9342895104;3395394;420476167168;497;2242560;11;1057792;381487;9084290048;250880;11294068736;61343;252192768;3144491;409180811264;56;1728512;0;0;0.0;0.0;43471503.2;780.78;15118.67;614.08;3991.01;0.0;1840153.71;1624534.7;15.1;2.619458333333332;1500.0;2800.0;75436242346;6417742018;1046126902;0
1722709958043.3633;27;970.7;0.0;0.0;0.0;30.52;166.62;1722709911.89;/home/zmr280;/var/scratch/zmr280/opencraft/opencraft.x86_64;5378;5378;5378;4096;34331210;72546;122880;30723;519;0;4;40617762816;0;0;12512146432;12505522176;153149440;0;8192;12511608832;49039212544;40617762816;0;0;12505522176;153149440;8192;49039212544;9.262127991187299;opencraft.x86_64;0;5603;66873;44;120;408843;1;running;None;5378;5378;5378;zmr280;65835558332;541214350773;170791260;739780418;0;0;0;0;0;0;0;0;0;0;0;0;0;0;0;0;0;0;0;0;0;0;0;0;0;0;0;0;19990049945;63902987585;10633918;12525200;0;0;0;0;0;0;0;0;0;0;0;0;12908966;12908966;71774;71774;0;0;0;0;443512;9342895104;3395394;420476167168;497;2242560;11;1057792;381487;9084290048;250880;11294068736;61343;252192768;3144491;409180811264;56;1728512;0;0;0.0;0.0;43471546.66;780.78;15119.15;614.09;3991.07;0.0;1840154.91;1624545.23;22.0;2.7289374999999985;1500.0;2800.0;75436325446;6418109019;1046151757;0
1722709959203.648;1;790.8;0.0;0.0;0.0;31.23;175.11;1722709911.89;/home/zmr280;/var/scratch/zmr280/opencraft/opencraft.x86_64;5378;5378;5378;4096;34697660;73550;126976;31172;527;0;4;42636316672;0;0;13103182848;13105790976;153149440;0;8192;13102645248;51186696192;42636316672;0;0;13105790976;153149440;8192;51186696192;9.706712901474887;opencraft.x86_64;0;5699;67763;44;120;408843;1;running;None;5378;5378;5378;zmr280;65840642300;541215322991;170797858;739786185;0;0;0;0;0;0;0;0;0;0;0;0;0;0;0;0;0;0;0;0;0;0;0;0;0;0;0;0;19990059437;63902988195;10633924;12525203;0;0;0;0;0;0;0;0;0;0;0;0;12908966;12908966;71774;71774;0;0;0;0;443512;9342895104;3395394;420476167168;497;2242560;11;1057792;381487;9084290048;250880;11294068736;61343;252192768;3144491;409180811264;56;1728512;0;0;0.0;0.0;43471592.75;780.78;15119.36;614.1;3991.15;0.0;1840155.73;1624553.75;17.3;2.6908749999999984;1500.0;2800.0;75436405398;6418267874;1046175044;0
1722709960369.4192;16;924.8;0.0;0.0;0.0;32.64;184.46;1722709911.89;/home/zmr280;/var/scratch/zmr280/opencraft/opencraft.x86_64;5378;5378;5378;4096;35058280;74538;131072;33053;559;0;4;45035450368;0;0;13817545728;13826007040;153149440;0;8192;13817008128;53602615296;45035450368;0;0;13826007040;153149440;8192;53602615296;10.24013591829855;opencraft.x86_64;0;5789;68736;44;120;408843;1;running;None;5378;5378;5378;zmr280;65850836493;541217364859;170811736;739798454;0;0;0;0;0;0;0;0;0;0;0;0;0;0;0;0;0;0;0;0;0;0;0;0;0;0;0;0;19990063621;63902988401;10633926;12525204;0;0;0;0;0;0;0;0;0;0;0;0;12908966;12908966;71774;71774;0;0;0;0;443512;9342895104;3395394;420476167168;497;2242560;11;1057792;381487;9084290048;250880;11294068736;61343;252192768;3144491;409180811264;56;1728512;0;0;0.0;0.0;43471635.87;780.78;15119.86;614.11;3991.22;0.0;1840157.3;1624564.11;22.5;2.707895833333332;1500.0;2800.0;75436485757;6418633928;1046201525;0
1722709961532.6243;16;991.4;0.0;0.0;0.0;33.54;195.32;1722709911.89;/home/zmr280;/var/scratch/zmr280/opencraft/opencraft.x86_64;5378;5378;5378;4096;35420360;75530;131072;33079;560;0;4;47434596352;0;0;14585873408;14582341632;153149440;0;8192;14585335808;55750098944;47434596352;0;0;14582341632;153149440;8192;55750098944;10.800309871587011;opencraft.x86_64;0;5866;69599;44;120;408843;1;running;None;5378;5378;5378;zmr280;65857288419;541218452450;170819618;739804947;0;0;0;0;0;0;0;0;0;0;0;0;0;0;0;0;0;0;0;0;0;0;0;0;0;0;0;0;19990063621;63902988401;10633926;12525204;0;0;0;0;0;0;0;0;0;0;0;0;12908966;12908966;71774;71774;0;0;0;0;443512;9342895104;3395394;420476167168;497;2242560;11;1057792;381487;9084290048;250880;11294068736;61343;252192768;3144491;409180811264;56;1728512;0;0;0.0;0.0;43471681.15;780.78;15120.16;614.12;3991.3;0.0;1840158.25;1624574.16;20.1;2.622854166666665;1500.0;2800.0;75436571796;6418849140;1046227561;0
1722709962717.529;41;882.4;0.0;0.0;0.0;34.26;205.02;1722709911.89;/home/zmr280;/var/scratch/zmr280/opencraft/opencraft.x86_64;5378;5378;5378;4096;35794120;76554;135168;33105;561;0;4;47887577088;0;0;14799143936;14795202560;153149440;0;8192;14798606336;56286969856;47887577088;0;0;14795202560;153149440;8192;56286969856;10.957963836908235;opencraft.x86_64;0;5952;70597;44;120;408843;1;running;None;5378;5378;5378;zmr280;65861080971;541219530570;170825465;739811360;0;0;0;0;0;0;0;0;0;0;0;0;0;0;0;0;0;0;0;0;0;0;0;0;0;0;0;0;19990067833;63902988607;10633928;12525205;0;0;0;0;0;0;0;0;0;0;0;0;12908966;12908966;71774;71774;0;0;0;0;443512;9342895104;3395394;420476167168;497;2242560;11;1057792;381487;9084290048;250880;11294068736;61343;252192768;3144491;409180811264;56;1728512;0;0;0.0;0.0;43471726.74;780.78;15120.41;614.14;3991.37;0.0;1840159.06;1624583.57;18.8;2.7369999999999988;1500.0;2800.0;75436656807;6419028108;1046252387;0
1722709963899.905;40;726.0;0.0;0.0;0.0;34.67;213.17;1722709911.89;/home/zmr280;/var/scratch/zmr280/opencraft/opencraft.x86_64;5378;5378;5378;4096;36191240;77642;135168;33105;561;0;4;47887577088;0;0;14799148032;14795202560;153149440;0;8192;14798610432;56286969856;47887577088;0;0;14795202560;153149440;8192;56286969856;10.957963836908235;opencraft.x86_64;0;6050;71548;44;120;408843;1;running;None;5378;5378;5378;zmr280;65863678385;541220612984;170830967;739817838;0;0;0;0;0;0;0;0;0;0;0;0;0;0;0;0;0;0;0;0;0;0;0;0;0;0;0;0;19990067833;63902988607;10633928;12525205;0;0;0;0;0;0;0;0;0;0;0;0;12908966;12908966;71774;71774;0;0;0;0;443512;9342895104;3395394;420476167168;497;2242560;11;1057792;381487;9084290048;250880;11294068736;61343;252192768;3144491;409180811264;56;1728512;0;0;0.0;0.0;43471774.05;780.78;15120.54;614.15;3991.43;0.0;1840159.61;1624592.08;16.4;2.548833333333333;1500.0;2800.0;75436742495;6419085891;1046277645;0
1722709965073.3818;1;716.8;0.0;0.0;0.0;35.16;221.09;1722709911.89;/home/zmr280;/var/scratch/zmr280/opencraft/opencraft.x86_64;5378;5378;5378;4096;36592740;78742;135168;33105;561;0;4;47887577088;0;0;14799148032;14795202560;153149440;0;8192;14798610432;56286969856;47887577088;0;0;14795202560;153149440;8192;56286969856;10.957963836908235;opencraft.x86_64;0;6141;72841;44;120;408843;1;running;None;5378;5378;5378;zmr280;65866585739;541221691067;170836468;739824256;0;0;0;0;0;0;0;0;0;0;0;0;0;0;0;0;0;0;0;0;0;0;0;0;0;0;0;0;19990075517;63902989011;10633932;12525207;0;0;0;0;0;0;0;0;0;0;0;0;12908966;12908966;71774;71774;0;0;0;0;443512;9342895104;3395394;420476167168;497;2242560;11;1057792;381487;9084290048;250880;11294068736;61343;252192768;3144491;409180811264;56;1728512;0;0;0.0;0.0;43471821.62;780.78;15120.66;614.16;3991.5;0.0;1840160.24;1624600.24;15.9;2.7455416666666657;1500.0;2800.0;75436827825;6419143386;1046301242;0
1722709966251.629;26;822.0;0.0;0.0;0.0;35.61;230.32;1722709911.89;/home/zmr280;/var/scratch/zmr280/opencraft/opencraft.x86_64;5378;5378;5378;4096;36957740;79742;139264;33132;562;0;4;47887577088;0;0;14802674688;14798974976;153149440;0;8192;14802137088;56286969856;47887577088;0;0;14798974976;153149440;8192;56286969856;10.960757850571659;opencraft.x86_64;0;6235;73753;44;120;408843;1;running;None;5378;5378;5378;zmr280;65869520615;541222782454;170842058;739830739;0;0;0;0;0;0;0;0;0;0;0;0;0;0;0;0;0;0;0;0;0;0;0;0;0;0;0;0;19990079753;63902989217;10633934;12525208;0;0;0;0;0;0;0;0;0;0;0;0;12908966;12908966;71774;71774;0;0;0;0;443512;9342895104;3395394;420476167168;497;2242560;11;1057792;381487;9084290048;250880;11294068736;61343;252192768;3144491;409180811264;56;1728512;0;0;0.0;0.0;43471867.65;780.78;15120.81;614.16;3991.57;0.0;1840160.82;1624609.44;17.8;2.5476041666666656;1500.0;2800.0;75436909291;6419215396;1046325509;0
1722709967425.1968;2;712.7;0.0;0.0;0.0;36.16;238.15;1722709911.89;/home/zmr280;/var/scratch/zmr280/opencraft/opencraft.x86_64;5378;5378;5378;4096;37335880;80778;139264;33132;562;0;4;47887577088;0;0;14802670592;14798974976;153149440;0;8192;14802132992;56286969856;47887577088;0;0;14798974976;153149440;8192;56286969856;10.960757850571659;opencraft.x86_64;0;6326;74648;44;120;408843;1;running;None;5378;5378;5378;zmr280;65872185446;541223858229;170847469;739837151;0;0;0;0;0;0;0;0;0;0;0;0;0;0;0;0;0;0;0;0;0;0;0;0;0;0;0;0;19990079753;63902989217;10633934;12525208;0;0;0;0;0;0;0;0;0;0;0;0;12908966;12908966;71774;71774;0;0;0;0;443512;9342895104;3395394;420476167168;497;2242560;11;1057792;381487;9084290048;250880;11294068736;61343;252192768;3144491;409180811264;56;1728512;0;0;0.0;0.0;43471915.16;780.78;15120.93;614.17;3991.63;0.0;1840161.46;1624617.08;15.1;2.754020833333332;1500.0;2800.0;75436992154;6419271795;1046349078;0
1722709968599.584;25;714.3;0.0;0.0;0.0;36.64;246.05;1722709911.89;/home/zmr280;/var/scratch/zmr280/opencraft/opencraft.x86_64;5378;5378;5378;4096;37711100;81806;139264;33132;562;0;4;47887577088;0;0;14802670592;14798974976;153149440;0;8192;14802132992;56286969856;47887577088;0;0;14798974976;153149440;8192;56286969856;10.960757850571659;opencraft.x86_64;0;6428;75571;44;120;408843;1;running;None;5378;5378;5378;zmr280;65877904847;541226038724;170858568;739850072;0;0;0;0;0;0;0;0;0;0;0;0;0;0;0;0;0;0;0;0;0;0;0;0;0;0;0;0;19990079753;63902989217;10633934;12525208;0;0;0;0;0;0;0;0;0;0;0;0;12908966;12908966;71774;71774;0;0;0;0;443512;9342895104;3395394;420476167168;497;2242560;11;1057792;381487;9084290048;250880;11294068736;61343;252192768;3144491;409180811264;56;1728512;0;0;0.0;0.0;43471962.58;780.78;15121.06;614.18;3991.7;0.0;1840162.06;1624625.12;15.7;2.7330833333333318;1500.0;2800.0;75437075362;6419328962;1046373009;0
1722709969772.6262;35;713.7;0.0;0.0;0.0;37.14;253.93;1722709911.89;/home/zmr280;/var/scratch/zmr280/opencraft/opencraft.x86_64;5378;5378;5378;4096;38114060;82910;139264;33132;562;0;4;47887577088;0;0;14802670592;14798974976;153149440;0;8192;14802132992;56286969856;47887577088;0;0;14798974976;153149440;8192;56286969856;10.960757850571659;opencraft.x86_64;0;6524;76481;44;120;408843;1;running;None;5378;5378;5378;zmr280;65880641555;541227112613;170864159;739856493;0;0;0;0;0;0;0;0;0;0;0;0;0;0;0;0;0;0;0;0;0;0;0;0;0;0;0;0;19990087037;63902989621;10633938;12525210;0;0;0;0;0;0;0;0;0;0;0;0;12908966;12908966;71774;71774;0;0;0;0;443512;9342895104;3395394;420476167168;497;2242560;11;1057792;381487;9084290048;250880;11294068736;61343;252192768;3144491;409180811264;56;1728512;0;0;0.0;0.0;43472009.9;780.78;15121.18;614.19;3991.76;0.0;1840162.69;1624633.11;15.7;2.218479166666667;1500.0;2800.0;75437160910;6419386425;1046396889;0
1722709970947.2046;9;853.9;0.0;0.0;0.0;37.73;263.35;1722709911.89;/home/zmr280;/var/scratch/zmr280/opencraft/opencraft.x86_64;5378;5378;5378;4096;38496580;83958;143360;33159;563;0;4;47887577088;0;0;14802674688;14798974976;153149440;0;8192;14802137088;56286969856;47887577088;0;0;14798974976;153149440;8192;56286969856;10.960757850571659;opencraft.x86_64;0;6613;77331;44;120;408843;1;running;None;5378;5378;5378;zmr280;65883483011;541228196086;170869570;739862938;0;0;0;0;0;0;0;0;0;0;0;0;0;0;0;0;0;0;0;0;0;0;0;0;0;0;0;0;19990091301;63902989827;10633940;12525211;0;0;0;0;0;0;0;0;0;0;0;0;12908966;12908966;71774;71774;0;0;0;0;443512;9342895104;3395394;420476167168;497;2242560;11;1057792;381487;9084290048;250880;11294068736;61343;252192768;3144491;409180811264;56;1728512;0;0;0.0;0.0;43472055.92;780.78;15121.31;614.2;3991.82;0.0;1840163.32;1624642.26;17.8;2.649229166666665;1500.0;2800.0;75437244105;6419444593;1046421271;0
1722709972125.233;35;718.7;0.0;0.0;0.0;38.2;271.37;1722709911.89;/home/zmr280;/var/scratch/zmr280/opencraft/opencraft.x86_64;5378;5378;5378;4096;38890780;85038;143360;33159;563;0;4;47887577088;0;0;14802670592;14798974976;153149440;0;8192;14802132992;56286969856;47887577088;0;0;14798974976;153149440;8192;56286969856;10.960757850571659;opencraft.x86_64;0;6705;78237;44;120;408843;1;running;None;5378;5378;5378;zmr280;65886274015;541229283014;170875070;739869377;0;0;0;0;0;0;0;0;0;0;0;0;0;0;0;0;0;0;0;0;0;0;0;0;0;0;0;0;19990091521;63902990009;10633942;12525212;0;0;0;0;0;0;0;0;0;0;0;0;12908966;12908966;71774;71774;0;0;0;0;443512;9342895104;3395394;420476167168;497;2242560;11;1057792;381487;9084290048;250880;11294068736;61343;252192768;3144491;409180811264;56;1728512;0;0;0.0;0.0;43472103.64;780.78;15121.44;614.2;3991.88;0.0;1840163.93;1624650.36;15.7;2.673791666666666;1500.0;2800.0;75437329556;6419502560;1046445887;0
1722709973306.9688;34;721.3;0.0;0.0;0.0;38.7;279.37;1722709911.89;/home/zmr280;/var/scratch/zmr280/opencraft/opencraft.x86_64;5378;5378;5378;4096;39279140;86102;143360;33159;563;0;4;47887585280;0;0;14802674688;14798974976;153149440;0;8192;14802137088;56286969856;47887585280;0;0;14798974976;153149440;8192;56286969856;10.960757850571659;opencraft.x86_64;0;6798;79275;44;120;408843;1;running;None;5378;5378;5378;zmr280;65889018395;541230364285;170880660;739875846;0;0;0;0;0;0;0;0;0;0;0;0;0;0;0;0;0;0;0;0;0;0;0;0;0;0;0;0;19990091753;63902990191;10633944;12525213;0;0;0;0;0;0;0;0;0;0;0;0;12908966;12908966;71774;71774;0;0;0;0;443512;9342895104;3395394;420476167168;497;2242560;11;1057792;381487;9084290048;250880;11294068736;61343;252192768;3144491;409180811264;56;1728512;0;0;0.0;0.0;43472151.01;780.78;15121.56;614.21;3991.95;0.0;1840164.55;1624658.07;15.3;2.2546874999999997;1500.0;2800.0;75437413924;6419559381;1046469085;0
1722709974480.0896;8;836.7;0.0;0.0;0.0;39.18;288.71;1722709911.89;/home/zmr280;/var/scratch/zmr280/opencraft/opencraft.x86_64;5378;5378;5378;4096;39658740;87142;147456;33186;564;0;4;47887581184;0;0;14802674688;14798979072;153149440;0;8192;14802137088;56286969856;47887581184;0;0;14798979072;153149440;8192;56286969856;10.96076088424556;opencraft.x86_64;0;6877;80215;44;120;408843;1;running;None;5378;5378;5378;zmr280;65891820952;541231440498;170886160;739882256;0;0;0;0;0;0;0;0;0;0;0;0;0;0;0;0;0;0;0;0;0;0;0;0;0;0;0;0;19990103621;63902991801;10633954;12525222;0;0;0;0;0;0;0;0;0;0;0;0;12908966;12908966;71774;71774;0;0;0;0;443512;9342895104;3395394;420476167168;497;2242560;11;1057792;381487;9084290048;250880;11294068736;61343;252192768;3144491;409180811264;56;1728512;0;0;0.0;0.0;43472196.95;780.78;15121.69;614.22;3992.01;0.0;1840165.15;1624667.56;18.3;2.7581666666666655;1500.0;2800.0;75437497133;6419617526;1046493386;0
1722709975653.6116;8;712.5;0.0;0.0;0.0;39.69;296.56;1722709911.89;/home/zmr280;/var/scratch/zmr280/opencraft/opencraft.x86_64;5378;5378;5378;4096;40050020;88214;147456;33186;564;0;4;47887581184;0;0;14802674688;14798979072;153149440;0;8192;14802137088;56286969856;47887581184;0;0;14798979072;153149440;8192;56286969856;10.96076088424556;opencraft.x86_64;0;6973;81232;44;120;408843;1;running;None;5378;5378;5378;zmr280;65894635661;541232517452;170891661;739888662;0;0;0;0;0;0;0;0;0;0;0;0;0;0;0;0;0;0;0;0;0;0;0;0;0;0;0;0;19990103687;63902991801;10633955;12525222;0;0;0;0;0;0;0;0;0;0;0;0;12908966;12908966;71774;71774;0;0;0;0;443512;9342895104;3395394;420476167168;497;2242560;11;1057792;381487;9084290048;250880;11294068736;61343;252192768;3144491;409180811264;56;1728512;0;0;0.0;0.0;43472244.31;780.78;15121.82;614.24;3992.07;0.0;1840165.76;1624675.3;15.3;2.626062499999998;1500.0;2800.0;75437583015;6419675217;1046517074;0
1722709976827.3782;32;733.4;0.0;0.0;0.0;40.28;304.41;1722709911.89;/home/zmr280;/var/scratch/zmr280/opencraft/opencraft.x86_64;5378;5378;5378;4096;40504080;89458;147456;33186;564;0;4;47887581184;0;0;14802678784;14798979072;153149440;0;8192;14802141184;56286969856;47887581184;0;0;14798979072;153149440;8192;56286969856;10.96076088424556;opencraft.x86_64;0;7070;82758;44;120;408843;1;running;None;5378;5378;5378;zmr280;65900318487;541234695442;170902754;739901607;0;0;0;0;0;0;0;0;0;0;0;0;0;0;0;0;0;0;0;0;0;0;0;0;0;0;0;0;19990103687;63902991801;10633955;12525222;0;0;0;0;0;0;0;0;0;0;0;0;12908966;12908966;71774;71774;0;0;0;0;443512;9342895104;3395394;420476167168;497;2242560;11;1057792;381487;9084290048;250880;11294068736;61343;252192768;3144491;409180811264;56;1728512;0;0;0.0;0.0;43472290.42;780.78;15121.94;614.24;3992.13;0.0;1840166.37;1624682.71;15.1;2.7590416666666653;1500.0;2800.0;75437673183;6419733410;1046540557;0
1722709977965.661;7;698.8;0.0;0.0;0.0;40.76;311.88;1722709911.89;/home/zmr280;/var/scratch/zmr280/opencraft/opencraft.x86_64;5378;5378;5378;4096;40882220;90494;147456;33186;564;0;4;47887585280;0;0;14802678784;14798979072;153149440;0;8192;14802141184;56286969856;47887585280;0;0;14798979072;153149440;8192;56286969856;10.96076088424556;opencraft.x86_64;0;7163;83694;44;120;408843;1;running;None;5378;5378;5378;zmr280;65903051649;541235768238;170908254;739908032;0;0;0;0;0;0;0;0;0;0;0;0;0;0;0;0;0;0;0;0;0;0;0;0;0;0;0;0;19990103687;63902991801;10633955;12525222;0;0;0;0;0;0;0;0;0;0;0;0;12908966;12908966;71774;71774;0;0;0;0;443512;9342895104;3395394;420476167168;497;2242560;11;1057792;381487;9084290048;250880;11294068736;61343;252192768;3144491;409180811264;56;1728512;0;0;0.0;0.0;43472336.68;780.78;15122.06;614.25;3992.19;0.0;1840166.92;1624690.16;15.0;2.7706458333333317;1500.0;2800.0;75437755571;6419788713;1046563287;0
1722709979104.665;12;828.9;0.0;0.0;0.0;41.2;320.9;1722709911.89;/home/zmr280;/var/scratch/zmr280/opencraft/opencraft.x86_64;5378;5378;5378;4096;41250140;91502;151552;33213;565;0;4;47887581184;0;0;14802678784;14798979072;153149440;0;8192;14802141184;56286969856;47887581184;0;0;14798979072;153149440;8192;56286969856;10.96076088424556;opencraft.x86_64;0;7253;84651;44;120;408843;1;running;None;5378;5378;5378;zmr280;65905806311;541236845488;170913665;739914441;0;0;0;0;0;0;0;0;0;0;0;0;0;0;0;0;0;0;0;0;0;0;0;0;0;0;0;0;19990108007;63902992007;10633957;12525223;0;0;0;0;0;0;0;0;0;0;0;0;12908966;12908966;71774;71774;0;0;0;0;443512;9342895104;3395394;420476167168;497;2242560;11;1057792;381487;9084290048;250880;11294068736;61343;252192768;3144491;409180811264;56;1728512;0;0;0.0;0.0;43472381.38;780.78;15122.18;614.26;3992.25;0.0;1840167.43;1624698.91;17.4;2.653416666666665;1500.0;2800.0;75437836221;6419844433;1046586731;0
1722709980244.7798;14;725.0;0.0;0.0;0.0;41.68;328.67;1722709911.89;/home/zmr280;/var/scratch/zmr280/opencraft/opencraft.x86_64;5378;5378;5378;4096;41623900;92526;151552;33213;565;0;4;47887581184;0;0;14802678784;14798979072;153149440;0;8192;14802141184;56286969856;47887581184;0;0;14798979072;153149440;8192;56286969856;10.96076088424556;opencraft.x86_64;0;7349;85564;44;120;408843;1;running;None;5378;5378;5378;zmr280;65908652224;541237934857;170919255;739920914;0;0;0;0;0;0;0;0;0;0;0;0;0;0;0;0;0;0;0;0;0;0;0;0;0;0;0;0;19990115407;63902992411;10633961;12525225;0;0;0;0;0;0;0;0;0;0;0;0;12908966;12908966;71774;71774;0;0;0;0;443512;9342895104;3395394;420476167168;497;2242560;11;1057792;381487;9084290048;250880;11294068736;61343;252192768;3144491;409180811264;56;1728512;0;0;0.0;0.0;43472427.3;780.78;15122.3;614.26;3992.3;0.0;1840167.93;1624706.16;14.7;2.7706458333333317;1500.0;2800.0;75437917822;6419899269;1046609668;0
1722709981381.6946;29;710.3;0.0;0.0;0.0;42.03;336.41;1722709911.89;/home/zmr280;/var/scratch/zmr280/opencraft/opencraft.x86_64;5378;5378;5378;4096;41991820;93534;151552;33213;565;0;4;47887581184;0;0;14803149824;14799454208;153149440;0;8192;14802612224;56286969856;47887581184;0;0;14799454208;153149440;8192;56286969856;10.961112790418154;opencraft.x86_64;0;7437;86499;44;120;408843;1;running;None;5378;5378;5378;zmr280;65911411370;541239005984;170924755;739927314;0;0;0;0;0;0;0;0;0;0;0;0;0;0;0;0;0;0;0;0;0;0;0;0;0;0;0;0;19990115407;63902992411;10633961;12525225;0;0;0;0;0;0;0;0;0;0;0;0;12908966;12908966;71774;71774;0;0;0;0;443512;9342895104;3395394;420476167168;497;2242560;11;1057792;381487;9084290048;250880;11294068736;61343;252192768;3144491;409180811264;56;1728512;0;0;0.0;0.0;43472473.59;780.78;15122.42;614.27;3992.37;0.0;1840168.42;1624714.21;15.9;2.5277708333333315;1500.0;2800.0;75438000077;6419955561;1046633272;0
1722709982527.2031;28;713.2;0.0;0.0;0.0;42.52;344.08;1722709911.89;/home/zmr280;/var/scratch/zmr280/opencraft/opencraft.x86_64;5378;5378;5378;4096;42368500;94566;151552;33213;565;0;4;47887581184;0;0;14803149824;14799454208;153149440;0;8192;14802612224;56286969856;47887581184;0;0;14799454208;153149440;8192;56286969856;10.961112790418154;opencraft.x86_64;0;7523;87319;44;120;408843;1;running;None;5378;5378;5378;zmr280;65914166047;541240090969;170930346;739933793;0;0;0;0;0;0;0;0;0;0;0;0;0;0;0;0;0;0;0;0;0;0;0;0;0;0;0;0;19990115407;63902992411;10633961;12525225;0;0;0;0;0;0;0;0;0;0;0;0;12908966;12908966;71774;71774;0;0;0;0;443512;9342895104;3395394;420476167168;497;2242560;11;1057792;381487;9084290048;250880;11294068736;61343;252192768;3144491;409180811264;56;1728512;0;0;0.0;0.0;43472519.85;780.78;15122.54;614.28;3992.44;0.0;1840169.01;1624721.89;15.5;2.7827291666666656;1500.0;2800.0;75438082831;6420011836;1046655535;0
1722709983668.6077;27;823.8;0.0;0.0;0.0;42.93;353.38;1722709911.89;/home/zmr280;/var/scratch/zmr280/opencraft/opencraft.x86_64;5378;5378;5378;4096;42799200;95746;155648;33240;566;0;4;47887577088;0;0;14803145728;14799450112;153149440;0;8192;14802608128;56286969856;47887577088;0;0;14799450112;153149440;8192;56286969856;10.961109756744252;opencraft.x86_64;0;7612;88309;44;120;408843;1;running;None;5378;5378;5378;zmr280;65916955552;541241170946;170935847;739940207;0;0;0;0;0;0;0;0;0;0;0;0;0;0;0;0;0;0;0;0;0;0;0;0;0;0;0;0;19990121577;63902994619;10633974;12525237;0;0;0;0;0;0;0;0;0;0;0;0;12908966;12908966;71774;71774;0;0;0;0;443512;9342895104;3395394;420476167168;497;2242560;11;1057792;381487;9084290048;250880;11294068736;61343;252192768;3144491;409180811264;56;1728512;0;0;0.0;0.0;43472566.36;780.78;15122.68;614.29;3992.51;0.0;1840169.63;1624731.95;19.0;2.741395833333332;1500.0;2800.0;75438172835;6420073661;1046681904;0
1722709984864.4436;27;720.8;0.0;0.0;0.0;43.44;361.5;1722709911.89;/home/zmr280;/var/scratch/zmr280/opencraft/opencraft.x86_64;5378;5378;5378;4096;43218220;96894;155648;33240;566;0;4;47887589376;0;0;14803145728;14799450112;153149440;0;8192;14802608128;56286969856;47887589376;0;0;14799450112;153149440;8192;56286969856;10.961109756744252;opencraft.x86_64;0;7699;89501;44;120;408843;1;running;None;5378;5378;5378;zmr280;65922531941;541243328911;170946938;739953084;0;0;0;0;0;0;0;0;0;0;0;0;0;0;0;0;0;0;0;0;0;0;0;0;0;0;0;0;19990130539;63902997025;10633991;12525250;0;0;0;0;0;0;0;0;0;0;0;0;12908966;12908966;71774;71774;0;0;0;0;443512;9342895104;3395394;420476167168;497;2242560;11;1057792;381487;9084290048;250880;11294068736;61343;252192768;3144491;409180811264;56;1728512;0;0;0.0;0.0;43472614.66;780.78;15122.81;614.3;3992.58;0.0;1840170.22;1624739.92;15.4;2.720479166666665;1500.0;2800.0;75438262070;6420133586;1046705919;0
1722709986062.4062;4;713.8;0.0;0.0;0.0;43.97;369.51;1722709911.89;/home/zmr280;/var/scratch/zmr280/opencraft/opencraft.x86_64;5378;5378;5378;4096;43657680;98098;155648;33240;566;0;4;47887577088;0;0;14803145728;14799450112;153149440;0;8192;14802608128;56286969856;47887577088;0;0;14799450112;153149440;8192;56286969856;10.961109756744252;opencraft.x86_64;0;7796;90829;44;120;408843;1;running;None;5378;5378;5378;zmr280;65925197185;541244406257;170952439;739959538;0;0;0;0;0;0;0;0;0;0;0;0;0;0;0;0;0;0;0;0;0;0;0;0;0;0;0;0;19990130605;63902997025;10633992;12525250;0;0;0;0;0;0;0;0;0;0;0;0;12908966;12908966;71774;71774;0;0;0;0;443512;9342895104;3395394;420476167168;497;2242560;11;1057792;381487;9084290048;250880;11294068736;61343;252192768;3144491;409180811264;56;1728512;0;0;0.0;0.0;43472662.93;780.78;15122.94;614.3;3992.65;0.0;1840170.89;1624747.79;15.3;2.7455416666666648;1500.0;2800.0;75438352253;6420193260;1046728887;0
1722709987255.4163;28;747.5;0.0;0.0;0.0;44.5;377.58;1722709911.89;/home/zmr280;/var/scratch/zmr280/opencraft/opencraft.x86_64;5378;5378;5378;4096;44082540;99262;155648;33240;566;0;4;47887577088;0;0;14803145728;14799450112;153149440;0;8192;14802608128;56286969856;47887577088;0;0;14799450112;153149440;8192;56286969856;10.961109756744252;opencraft.x86_64;0;7892;92233;44;120;408843;1;running;None;5378;5378;5378;zmr280;65927893872;541245485203;170958030;739965975;0;0;0;0;0;0;0;0;0;0;0;0;0;0;0;0;0;0;0;0;0;0;0;0;0;0;0;0;19990130605;63902997025;10633992;12525250;0;0;0;0;0;0;0;0;0;0;0;0;12908966;12908966;71774;71774;0;0;0;0;443512;9342895104;3395394;420476167168;497;2242560;11;1057792;381487;9084290048;250880;11294068736;61343;252192768;3144491;409180811264;56;1728512;0;0;0.0;0.0;43472708.75;780.78;15123.06;614.31;3992.72;0.0;1840171.46;1624755.34;15.4;2.782979166666665;1500.0;2800.0;75438438351;6420249811;1046751850;0
1722709988386.6064;5;818.2;0.0;0.0;0.0;44.95;386.45;1722709911.89;/home/zmr280;/var/scratch/zmr280/opencraft/opencraft.x86_64;5378;5378;5378;4096;44459220;100294;163840;33267;567;0;4;47887589376;0;0;14811538432;14807838720;153149440;0;8192;14811000832;56286969856;47887589376;0;0;14807838720;153149440;8192;56286969856;10.967322720894842;opencraft.x86_64;0;7976;93412;44;120;408843;1;running;None;5378;5378;5378;zmr280;65930613861;541246562718;170963531;739972382;0;0;0;0;0;0;0;0;0;0;0;0;0;0;0;0;0;0;0;0;0;0;0;0;0;0;0;0;19990134977;63902997231;10633994;12525251;0;0;0;0;0;0;0;0;0;0;0;0;12908966;12908966;71774;71774;0;0;0;0;443512;9342895104;3395394;420476167168;497;2242560;11;1057792;381487;9084290048;250880;11294068736;61343;252192768;3144491;409180811264;56;1728512;0;0;0.0;0.0;43472753.54;780.78;15123.19;614.32;3992.78;0.0;1840172.02;1624764.61;18.3;2.7286666666666655;1500.0;2800.0;75438519535;6420306334;1046776427;0
1722709989529.9758;5;722.3;0.0;0.0;0.0;45.4;394.18;1722709911.89;/home/zmr280;/var/scratch/zmr280/opencraft/opencraft.x86_64;5378;5378;5378;4096;44815460;101270;163840;33267;567;0;4;47887577088;0;0;14811534336;14807838720;153149440;0;8192;14810996736;56286969856;47887577088;0;0;14807838720;153149440;8192;56286969856;10.967322720894842;opencraft.x86_64;0;8071;94244;44;120;408843;1;running;None;5378;5378;5378;zmr280;65933254170;541247650274;170969031;739978863;0;0;0;0;0;0;0;0;0;0;0;0;0;0;0;0;0;0;0;0;0;0;0;0;0;0;0;0;19990134977;63902997231;10633994;12525251;0;0;0;0;0;0;0;0;0;0;0;0;12908966;12908966;71774;71774;0;0;0;0;443512;9342895104;3395394;420476167168;497;2242560;11;1057792;381487;9084290048;250880;11294068736;61343;252192768;3144491;409180811264;56;1728512;0;0;0.0;0.0;43472799.37;780.78;15123.3;614.32;3992.84;0.0;1840172.52;1624772.05;15.0;2.4885625;1500.0;2800.0;75438599546;6420361148;1046799248;0
1722709990660.8147;5;719.8;0.0;0.0;0.0;45.93;401.82;1722709911.89;/home/zmr280;/var/scratch/zmr280/opencraft/opencraft.x86_64;5378;5378;5378;4096;45273900;102526;163840;33267;567;0;4;47887577088;0;0;14811530240;14807834624;153149440;0;8192;14810992640;56286969856;47887577088;0;0;14807834624;153149440;8192;56286969856;10.96731968722094;opencraft.x86_64;0;8158;95615;44;120;408843;1;running;None;5378;5378;5378;zmr280;65935903972;541248723607;170974531;739985275;0;0;0;0;0;0;0;0;0;0;0;0;0;0;0;0;0;0;0;0;0;0;0;0;0;0;0;0;19990142497;63902997635;10633998;12525253;0;0;0;0;0;0;0;0;0;0;0;0;12908966;12908966;71774;71774;0;0;0;0;443512;9342895104;3395394;420476167168;497;2242560;11;1057792;381487;9084290048;250880;11294068736;61343;252192768;3144491;409180811264;56;1728512;0;0;0.0;0.0;43472845.28;780.78;15123.42;614.33;3992.91;0.0;1840173.13;1624779.56;15.4;2.7491041666666653;1500.0;2800.0;75438691246;6420420624;1046822181;0
1722709991797.2043;4;696.3;0.0;0.0;0.0;46.46;409.18;1722709911.89;/home/zmr280;/var/scratch/zmr280/opencraft/opencraft.x86_64;5378;5378;5378;4096;45708980;103718;163840;33267;567;0;4;47887577088;0;0;14819480576;14815756288;153149440;0;8192;14818942976;56286969856;47887577088;0;0;14815756288;153149440;8192;56286969856;10.973186812546741;opencraft.x86_64;0;8247;97112;44;120;408843;1;running;None;5378;5378;5378;zmr280;65938550391;541249804977;170980122;739991746;0;0;0;0;0;0;0;0;0;0;0;0;0;0;0;0;0;0;0;0;0;0;0;0;0;0;0;0;19990142497;63902997635;10633998;12525253;0;0;0;0;0;0;0;0;0;0;0;0;12908966;12908966;71774;71774;0;0;0;0;443512;9342895104;3395394;420476167168;497;2242560;11;1057792;381487;9084290048;250880;11294068736;61343;252192768;3144491;409180811264;56;1728512;0;0;0.0;0.0;43472891.22;780.78;15123.54;614.34;3992.97;0.0;1840173.75;1624786.8;14.9;2.7412291666666655;1500.0;2800.0;75438778563;6420478074;1046845845;0
1722709992929.0305;29;820.9;0.0;0.0;0.0;46.91;418.1;1722709911.89;/home/zmr280;/var/scratch/zmr280/opencraft/opencraft.x86_64;5378;5378;5378;4096;46059380;104678;167936;33294;568;0;4;47887577088;0;0;14819529728;14815825920;153149440;0;8192;14818992128;56286969856;47887577088;0;0;14815825920;153149440;8192;56286969856;10.97323838500307;opencraft.x86_64;0;8334;98150;44;120;408843;1;running;None;5378;5378;5378;zmr280;65940997716;541250871286;170985532;739998156;0;0;0;0;0;0;0;0;0;0;0;0;0;0;0;0;0;0;0;0;0;0;0;0;0;0;0;0;19990142801;63902997841;10634000;12525254;0;0;0;0;0;0;0;0;0;0;0;0;12908966;12908966;71774;71774;0;0;0;0;443512;9342895104;3395394;420476167168;497;2242560;11;1057792;381487;9084290048;250880;11294068736;61343;252192768;3144491;409180811264;56;1728512;0;0;0.0;0.0;43472936.27;780.78;15123.67;614.35;3993.04;0.0;1840174.28;1624795.8;17.8;2.758041666666665;1500.0;2800.0;75438857201;6420533847;1046869051;0
1722709994077.9368;5;726.6;0.0;0.0;0.0;47.41;425.9;1722709911.89;/home/zmr280;/var/scratch/zmr280/opencraft/opencraft.x86_64;5378;5378;5378;4096;46450660;105750;167936;33294;568;0;4;47887577088;0;0;14819570688;14815875072;153149440;0;8192;14819033088;56286969856;47887577088;0;0;14815875072;153149440;8192;56286969856;10.973274789089889;opencraft.x86_64;0;8419;99279;44;120;408843;1;running;None;5378;5378;5378;zmr280;65943611548;541251941964;170991122;740004576;0;0;0;0;0;0;0;0;0;0;0;0;0;0;0;0;0;0;0;0;0;0;0;0;0;0;0;0;19990142801;63902997841;10634000;12525254;0;0;0;0;0;0;0;0;0;0;0;0;12908966;12908966;71774;71774;0;0;0;0;443512;9342895104;3395394;420476167168;497;2242560;11;1057792;381487;9084290048;250880;11294068736;61343;252192768;3144491;409180811264;56;1728512;0;0;0.0;0.0;43472982.48;780.78;15123.79;614.36;3993.11;0.0;1840174.89;1624803.44;15.5;2.7306666666666657;1500.0;2800.0;75438942851;6420591056;1046892401;0
1722709995220.4143;4;719.3;0.0;0.0;0.0;47.95;433.56;1722709911.89;/home/zmr280;/var/scratch/zmr280/opencraft/opencraft.x86_64;5378;5378;5378;4096;46881360;106930;167936;33294;568;0;4;47887577088;0;0;14819632128;14815924224;153149440;0;8192;14819094528;56286969856;47887577088;0;0;14815924224;153149440;8192;56286969856;10.973311193176709;opencraft.x86_64;0;8512;100365;44;120;408843;1;running;None;5378;5378;5378;zmr280;65948768200;541254096546;171002192;740017470;0;0;0;0;0;0;0;0;0;0;0;0;0;0;0;0;0;0;0;0;0;0;0;0;0;0;0;0;19990149921;63902998245;10634004;12525256;0;0;0;0;0;0;0;0;0;0;0;0;12908966;12908966;71774;71774;0;0;0;0;443512;9342895104;3395394;420476167168;497;2242560;11;1057792;381487;9084290048;250880;11294068736;61343;252192768;3144491;409180811264;56;1728512;0;0;0.0;0.0;43473028.19;780.78;15123.91;614.36;3993.17;0.0;1840175.47;1624811.06;15.5;2.7621874999999982;1500.0;2800.0;75439029718;6420648510;1046915835;0
1722709996350.8865;5;693.9;0.0;0.0;0.0;48.43;440.99;1722709911.89;/home/zmr280;/var/scratch/zmr280/opencraft/opencraft.x86_64;5378;5378;5378;4096;47262420;107974;167936;33294;568;0;4;47887577088;0;0;14819685376;14815981568;153149440;0;8192;14819147776;56286969856;47887577088;0;0;14815981568;153149440;8192;56286969856;10.973353664611333;opencraft.x86_64;0;8600;101637;44;120;408843;1;running;None;5378;5378;5378;zmr280;65951374980;541255176228;171007722;740023935;0;0;0;0;0;0;0;0;0;0;0;0;0;0;0;0;0;0;0;0;0;0;0;0;0;0;0;0;19990149921;63902998245;10634004;12525256;0;0;0;0;0;0;0;0;0;0;0;0;12908966;12908966;71774;71774;0;0;0;0;443512;9342895104;3395394;420476167168;497;2242560;11;1057792;381487;9084290048;250880;11294068736;61343;252192768;3144491;409180811264;56;1728512;0;0;0.0;0.0;43473074.41;780.78;15124.03;614.37;3993.24;0.0;1840176.04;1624818.54;15.1;2.5569583333333328;1500.0;2800.0;75439112363;6420704155;1046939431;0
1722709997493.777;5;837.6;0.0;0.0;0.0;48.79;450.12;1722709911.89;/home/zmr280;/var/scratch/zmr280/opencraft/opencraft.x86_64;5378;5378;5378;4096;47593840;108882;172032;33321;569;0;4;47887577088;0;0;14819722240;14816022528;153149440;0;8192;14819184640;56286969856;47887577088;0;0;14816022528;153149440;8192;56286969856;10.973384001350349;opencraft.x86_64;0;8682;102555;44;120;408843;1;running;None;5378;5378;5378;zmr280;65954018742;541256241844;171013218;740030326;0;0;0;0;0;0;0;0;0;0;0;0;0;0;0;0;0;0;0;0;0;0;0;0;0;0;0;0;19990150253;63902998451;10634006;12525257;0;0;0;0;0;0;0;0;0;0;0;0;12908966;12908966;71774;71774;0;0;0;0;443512;9342895104;3395394;420476167168;497;2242560;11;1057792;381487;9084290048;250880;11294068736;61343;252192768;3144491;409180811264;56;1728512;0;0;0.0;0.0;43473118.97;780.78;15124.15;614.38;3993.3;0.0;1840176.51;1624827.61;17.9;2.2581041666666657;1500.0;2800.0;75439189446;6420759153;1046962897;0
1722709998625.4263;1;700.7;0.0;0.0;0.0;49.21;457.68;1722709911.89;/home/zmr280;/var/scratch/zmr280/opencraft/opencraft.x86_64;5378;5378;5378;4096;47957380;109878;172032;33321;569;0;4;47887581184;0;0;14819771392;14816067584;153149440;0;8192;14819233792;56286969856;47887581184;0;0;14816067584;153149440;8192;56286969856;10.973417371763267;opencraft.x86_64;0;8773;103626;44;120;408843;1;running;None;5378;5378;5378;zmr280;65956559339;541257318685;171018722;740036798;0;0;0;0;0;0;0;0;0;0;0;0;0;0;0;0;0;0;0;0;0;0;0;0;0;0;0;0;19990150253;63902998451;10634006;12525257;0;0;0;0;0;0;0;0;0;0;0;0;12908966;12908966;71774;71774;0;0;0;0;443512;9342895104;3395394;420476167168;497;2242560;11;1057792;381487;9084290048;250880;11294068736;61343;252192768;3144491;409180811264;56;1728512;0;0;0.0;0.0;43473165.17;780.78;15124.28;614.38;3993.37;0.0;1840177.04;1624835.4;15.6;2.7831249999999983;1500.0;2800.0;75439270167;6420814580;1046986483;0
1722709999765.6821;2;697.8;0.0;0.0;0.0;49.64;465.21;1722709911.89;/home/zmr280;/var/scratch/zmr280/opencraft/opencraft.x86_64;5378;5378;5378;4096;48296100;110806;172032;33321;569;0;4;47887581184;0;0;14819816448;14816112640;153149440;0;8192;14819278848;56286969856;47887581184;0;0;14816112640;153149440;8192;56286969856;10.973450742176185;opencraft.x86_64;0;8862;104512;44;120;408843;1;running;None;5378;5378;5378;zmr280;65959197230;541258394141;171024222;740043207;0;0;0;0;0;0;0;0;0;0;0;0;0;0;0;0;0;0;0;0;0;0;0;0;0;0;0;0;19990150253;63902998451;10634006;12525257;0;0;0;0;0;0;0;0;0;0;0;0;12908966;12908966;71774;71774;0;0;0;0;443512;9342895104;3395394;420476167168;497;2242560;11;1057792;381487;9084290048;250880;11294068736;61343;252192768;3144491;409180811264;56;1728512;0;0;0.0;0.0;43473211.36;780.78;15124.4;614.39;3993.43;0.0;1840177.54;1624843.15;15.4;2.7369791666666656;1500.0;2800.0;75439347836;6420868282;1047009795;0
1722710000906.7505;25;824.6;0.0;0.0;0.0;50.07;474.19;1722709911.89;/home/zmr280;/var/scratch/zmr280/opencraft/opencraft.x86_64;5378;5378;5378;4096;48614380;111678;176128;33348;570;0;4;47887577088;0;0;14819857408;14816157696;153149440;0;8192;14819319808;56286969856;47887581184;0;0;14816153600;153149440;8192;56286969856;10.973481078915203;opencraft.x86_64;0;8953;105297;44;120;408843;1;running;None;5378;5378;5378;zmr280;65961852491;541259468306;171029811;740049651;0;0;0;0;0;0;0;0;0;0;0;0;0;0;0;0;0;0;0;0;0;0;0;0;0;0;0;0;19990158265;63902999061;10634012;12525260;0;0;0;0;0;0;0;0;0;0;0;0;12908966;12908966;71774;71774;0;0;0;0;443512;9342895104;3395394;420476167168;497;2242560;11;1057792;381487;9084290048;250880;11294068736;61343;252192768;3144491;409180811264;56;1728512;0;0;0.0;0.0;43473256.11;780.79;15124.53;614.4;3993.5;0.0;1840178.11;1624852.25;18.1;2.724645833333332;1500.0;2800.0;75439423927;6420923351;1047033581;0
1722710002046.7427;1;710.6;0.0;0.0;0.0;50.49;481.87;1722709911.89;/home/zmr280;/var/scratch/zmr280/opencraft/opencraft.x86_64;5378;5378;5378;4096;48945800;112586;176128;33348;570;0;4;47887581184;0;0;14819902464;14816198656;153149440;0;8192;14819364864;56286969856;47887581184;0;0;14816198656;153149440;8192;56286969856;10.97351444932812;opencraft.x86_64;0;9036;106059;44;120;408843;1;running;None;5378;5378;5378;zmr280;65964322053;541260534664;171035221;740056067;0;0;0;0;0;0;0;0;0;0;0;0;0;0;0;0;0;0;0;0;0;0;0;0;0;0;0;0;19990158265;63902999061;10634012;12525260;0;0;0;0;0;0;0;0;0;0;0;0;12908966;12908966;71774;71774;0;0;0;0;443512;9342895104;3395394;420476167168;497;2242560;11;1057792;381487;9084290048;250880;11294068736;61343;252192768;3144491;409180811264;56;1728512;0;0;0.0;0.0;43473302.28;780.79;15124.65;614.4;3993.57;0.0;1840178.62;1624860.12;15.7;2.7396249999999984;1500.0;2800.0;75439501386;6420977771;1047056713;0
1722710003186.7712;25;719.4;0.0;0.0;0.0;51.01;489.49;1722709911.89;/home/zmr280;/var/scratch/zmr280/opencraft/opencraft.x86_64;5378;5378;5378;4096;49356060;113710;176128;33348;570;0;4;47887577088;0;0;14819943424;14816239616;153149440;0;8192;14819405824;56286969856;47887577088;0;0;14816239616;153149440;8192;56286969856;10.973544786067137;opencraft.x86_64;0;9134;107199;44;120;408843;1;running;None;5378;5378;5378;zmr280;65967056393;541261614068;171040812;740062487;0;0;0;0;0;0;0;0;0;0;0;0;0;0;0;0;0;0;0;0;0;0;0;0;0;0;0;0;19990158265;63902999061;10634012;12525260;0;0;0;0;0;0;0;0;0;0;0;0;12908966;12908966;71774;71774;0;0;0;0;443512;9342895104;3395394;420476167168;497;2242560;11;1057792;381487;9084290048;250880;11294068736;61343;252192768;3144491;409180811264;56;1728512;0;0;0.0;0.0;43473347.94;780.79;15124.77;614.41;3993.63;0.0;1840179.22;1624867.44;15.1;2.7598541666666656;1500.0;2800.0;75439588505;6421034958;1047079775;0
1722710004315.8567;0;714.3;0.0;0.0;0.0;51.5;497.13;1722709911.89;/home/zmr280;/var/scratch/zmr280/opencraft/opencraft.x86_64;5378;5378;5378;4096;49788220;114894;176128;33348;570;0;4;47887577088;0;0;14820004864;14816292864;153149440;0;8192;14819467264;56286969856;47887577088;0;0;14816292864;153149440;8192;56286969856;10.973584223827858;opencraft.x86_64;0;9227;108422;44;120;408843;1;running;None;5378;5378;5378;zmr280;65969683100;541262696614;171046312;740068961;0;0;0;0;0;0;0;0;0;0;0;0;0;0;0;0;0;0;0;0;0;0;0;0;0;0;0;0;19990158663;63902999425;10634015;12525262;0;0;0;0;0;0;0;0;0;0;0;0;12908966;12908966;71774;71774;0;0;0;0;443512;9342895104;3395394;420476167168;497;2242560;11;1057792;381487;9084290048;250880;11294068736;61343;252192768;3144491;409180811264;56;1728512;0;0;0.0;0.0;43473393.97;780.79;15124.89;614.41;3993.7;0.0;1840179.8;1624875.28;15.8;2.611416666666666;1500.0;2800.0;75439676427;6421092773;1047103890;0
1722710005455.9553;2;833.0;0.0;0.0;0.0;51.96;506.16;1722709911.89;/home/zmr280;/var/scratch/zmr280/opencraft/opencraft.x86_64;5378;5378;5378;4096;50140080;115858;180224;33375;571;0;4;47887581184;0;0;14820054016;14816350208;153149440;0;8192;14819516416;56286969856;47887581184;0;0;14816350208;153149440;8192;56286969856;10.973626695262482;opencraft.x86_64;0;9312;109298;44;120;408843;1;running;None;5378;5378;5378;zmr280;65974933155;541264844692;171057313;740081827;0;0;0;0;0;0;0;0;0;0;0;0;0;0;0;0;0;0;0;0;0;0;0;0;0;0;0;0;19990166651;63903000547;10634023;12525269;0;0;0;0;0;0;0;0;0;0;0;0;12908966;12908966;71774;71774;0;0;0;0;443512;9342895104;3395394;420476167168;497;2242560;11;1057792;381487;9084290048;250880;11294068736;61343;252192768;3144491;409180811264;56;1728512;0;0;0.0;0.0;43473438.6;780.79;15125.01;614.42;3993.77;0.0;1840180.34;1624884.25;17.8;2.6786249999999985;1500.0;2800.0;75439755270;6421148424;1047127461;0
1722710006594.7048;2;706.9;0.0;0.0;0.0;52.37;513.81;1722709911.89;/home/zmr280;/var/scratch/zmr280/opencraft/opencraft.x86_64;5378;5378;5378;4096;50468580;116758;180224;33375;571;0;4;47887577088;0;0;14820090880;14816391168;153149440;0;8192;14819553280;56286969856;47887577088;0;0;14816391168;153149440;8192;56286969856;10.973657032001498;opencraft.x86_64;0;9401;110067;44;120;408843;1;running;None;5378;5378;5378;zmr280;65977533283;541265917064;171062813;740088236;0;0;0;0;0;0;0;0;0;0;0;0;0;0;0;0;0;0;0;0;0;0;0;0;0;0;0;0;19990166717;63903000547;10634024;12525269;0;0;0;0;0;0;0;0;0;0;0;0;12908966;12908966;71774;71774;0;0;0;0;443512;9342895104;3395394;420476167168;497;2242560;11;1057792;381487;9084290048;250880;11294068736;61343;252192768;3144491;409180811264;56;1728512;0;0;0.0;0.0;43473484.81;780.79;15125.13;614.43;3993.83;0.0;1840180.88;1624892.02;15.5;2.7006874999999986;1500.0;2800.0;75439832397;6421202297;1047150192;0
1722710007734.6692;2;730.4;0.0;0.0;0.0;52.9;521.53;1722709911.89;/home/zmr280;/var/scratch/zmr280/opencraft/opencraft.x86_64;5378;5378;5378;4096;50894900;117926;180224;33375;571;0;4;47887577088;0;0;14820144128;14816432128;153149440;0;8192;14819606528;56286969856;47887577088;0;0;14816432128;153149440;8192;56286969856;10.973687368740514;opencraft.x86_64;0;9496;111185;44;120;408843;1;running;None;5378;5378;5378;zmr280;65980154371;541266995888;171068403;740094704;0;0;0;0;0;0;0;0;0;0;0;0;0;0;0;0;0;0;0;0;0;0;0;0;0;0;0;0;19990166717;63903000547;10634024;12525269;0;0;0;0;0;0;0;0;0;0;0;0;12908966;12908966;71774;71774;0;0;0;0;443512;9342895104;3395394;420476167168;497;2242560;11;1057792;381487;9084290048;250880;11294068736;61343;252192768;3144491;409180811264;56;1728512;0;0;0.0;0.0;43473530.34;780.79;15125.25;614.43;3993.9;0.0;1840181.5;1624899.71;15.7;2.8028124999999986;1500.0;2800.0;75439920307;6421260093;1047173987;0
1722710008862.6643;2;821.2;0.0;0.0;0.0;53.34;530.43;1722709911.89;/home/zmr280;/var/scratch/zmr280/opencraft/opencraft.x86_64;5378;5378;5378;4096;51246760;118890;184320;33402;572;0;4;47887581184;0;0;14820197376;14816493568;153149440;0;8192;14819659776;56286969856;47887581184;0;0;14816493568;153149440;8192;56286969856;10.97373287384904;opencraft.x86_64;0;9586;112144;44;120;408843;1;running;None;5378;5378;5378;zmr280;65982755452;541268077049;171073904;740101136;0;0;0;0;0;0;0;0;0;0;0;0;0;0;0;0;0;0;0;0;0;0;0;0;0;0;0;0;19990167129;63903000753;10634026;12525270;0;0;0;0;0;0;0;0;0;0;0;0;12908966;12908966;71774;71774;0;0;0;0;443512;9342895104;3395394;420476167168;497;2242560;11;1057792;381487;9084290048;250880;11294068736;61343;252192768;3144491;409180811264;56;1728512;0;0;0.0;0.0;43473575.16;780.79;15125.38;614.43;3993.97;0.0;1840181.98;1624908.68;17.7;2.7915416666666655;1500.0;2800.0;75439998037;6421314786;1047197508;0
1722710010001.6584;2;714.7;0.0;0.0;0.0;53.74;538.14;1722709911.89;/home/zmr280;/var/scratch/zmr280/opencraft/opencraft.x86_64;5378;5378;5378;4096;51595700;119846;184320;33402;572;0;4;47887577088;0;0;14820242432;14816526336;153149440;0;8192;14819704832;56286969856;47887577088;0;0;14816526336;153149440;8192;56286969856;10.973757143240253;opencraft.x86_64;0;9677;113138;44;120;408843;1;running;None;5378;5378;5378;zmr280;65985338720;541269145171;171079406;740107539;0;0;0;0;0;0;0;0;0;0;0;0;0;0;0;0;0;0;0;0;0;0;0;0;0;0;0;0;19990167129;63903000753;10634026;12525270;0;0;0;0;0;0;0;0;0;0;0;0;12908966;12908966;71774;71774;0;0;0;0;443512;9342895104;3395394;420476167168;497;2242560;11;1057792;381487;9084290048;250880;11294068736;61343;252192768;3144491;409180811264;56;1728512;0;0;0.0;0.0;43473620.98;780.79;15125.5;614.44;3994.03;0.0;1840182.52;1624916.58;15.8;2.776458333333332;1500.0;2800.0;75440078601;6421369906;1047220476;0
1722710011134.533;25;690.8;0.0;0.0;0.0;54.2;545.54;1722709911.89;/home/zmr280;/var/scratch/zmr280/opencraft/opencraft.x86_64;5378;5378;5378;4096;51941720;120794;184320;33402;572;0;4;47887581184;0;0;14820283392;14816583680;153149440;0;8192;14819745792;56286969856;47887581184;0;0;14816583680;153149440;8192;56286969856;10.973799614674876;opencraft.x86_64;0;9769;114061;44;120;408843;1;running;None;5378;5378;5378;zmr280;65988015452;541270230416;171084907;740114018;0;0;0;0;0;0;0;0;0;0;0;0;0;0;0;0;0;0;0;0;0;0;0;0;0;0;0;0;19990174921;63903001157;10634030;12525272;0;0;0;0;0;0;0;0;0;0;0;0;12908966;12908966;71774;71774;0;0;0;0;443512;9342895104;3395394;420476167168;497;2242560;11;1057792;381487;9084290048;250880;11294068736;61343;252192768;3144491;409180811264;56;1728512;0;0;0.0;0.0;43473667.19;780.79;15125.62;614.45;3994.1;0.0;1840183.09;1624924.32;15.6;2.7412499999999986;1500.0;2800.0;75440157415;6421424325;1047243375;0
1722710012273.732;26;719.2;0.0;0.0;0.0;54.67;553.26;1722709911.89;/home/zmr280;/var/scratch/zmr280/opencraft/opencraft.x86_64;5378;5378;5378;4096;52268760;121690;184320;33402;572;0;4;47887581184;0;0;14820324352;14816624640;153149440;0;8192;14819786752;56286969856;47887581184;0;0;14816624640;153149440;8192;56286969856;10.973829951413892;opencraft.x86_64;0;9858;114816;44;120;408843;1;running;None;5378;5378;5378;zmr280;65990664623;541271306316;171090497;740120445;0;0;0;0;0;0;0;0;0;0;0;0;0;0;0;0;0;0;0;0;0;0;0;0;0;0;0;0;19990174921;63903001157;10634030;12525272;0;0;0;0;0;0;0;0;0;0;0;0;12908966;12908966;71774;71774;0;0;0;0;443512;9342895104;3395394;420476167168;497;2242560;11;1057792;381487;9084290048;250880;11294068736;61343;252192768;3144491;409180811264;56;1728512;0;0;0.0;0.0;43473713.28;780.79;15125.74;614.46;3994.17;0.0;1840183.59;1624931.67;14.9;2.7706249999999986;1500.0;2800.0;75440235554;6421478175;1047266281;0
1722710013412.7412;8;828.3;0.0;0.0;0.0;55.12;562.24;1722709911.89;/home/zmr280;/var/scratch/zmr280/opencraft/opencraft.x86_64;5378;5378;5378;4096;52585580;122558;188416;33429;573;0;4;47887581184;0;0;14814909440;14816665600;153149440;0;8192;14814371840;56286969856;47887581184;0;0;14816665600;153149440;8192;56286969856;10.97386028815291;opencraft.x86_64;0;9940;115620;44;120;408843;1;running;None;5378;5378;5378;zmr280;65993301791;541272376998;171095907;740126856;0;0;0;0;0;0;0;0;0;0;0;0;0;0;0;0;0;0;0;0;0;0;0;0;0;0;0;0;19990175361;63903001363;10634032;12525273;0;0;0;0;0;0;0;0;0;0;0;0;12908966;12908966;71774;71774;0;0;0;0;443512;9342895104;3395394;420476167168;497;2242560;11;1057792;381487;9084290048;250880;11294068736;61343;252192768;3144491;409180811264;56;1728512;0;0;0.0;0.0;43473758.12;780.79;15125.86;614.46;3994.22;0.0;1840184.13;1624940.48;17.5;2.7036874999999987;1500.0;2800.0;75440311866;6421532517;1047289337;0
1722710014553.777;8;710.5;0.0;0.0;0.0;55.59;569.87;1722709911.89;/home/zmr280;/var/scratch/zmr280/opencraft/opencraft.x86_64;5378;5378;5378;4096;52931600;123506;188416;33429;573;0;4;47882125312;0;0;14816941056;14813212672;153149440;0;8192;14816403456;56286969856;47882125312;0;0;14813212672;153149440;8192;56286969856;10.971302901053813;opencraft.x86_64;0;10025;116566;44;120;408843;1;running;None;5378;5378;5378;zmr280;65996040404;541273455137;171101407;740133286;0;0;0;0;0;0;0;0;0;0;0;0;0;0;0;0;0;0;0;0;0;0;0;0;0;0;0;0;19990175361;63903001363;10634032;12525273;0;0;0;0;0;0;0;0;0;0;0;0;12908966;12908966;71774;71774;0;0;0;0;443512;9342895104;3395394;420476167168;497;2242560;11;1057792;381487;9084290048;250880;11294068736;61343;252192768;3144491;409180811264;56;1728512;0;0;0.0;0.0;43473804.04;780.79;15125.98;614.48;3994.28;0.0;1840184.7;1624948.38;15.9;2.670624999999998;1500.0;2800.0;75440391928;6421587505;1047312247;0
1722710015691.7744;8;742.2;0.0;0.0;0.0;56.06;577.85;1722709911.89;/home/zmr280;/var/scratch/zmr280/opencraft/opencraft.x86_64;5378;5378;5378;4096;53368140;124702;188416;33429;573;0;4;47882125312;0;0;14816973824;14813278208;153149440;0;8192;14816436224;56286969856;47882125312;0;0;14813278208;153149440;8192;56286969856;10.971351439836239;opencraft.x86_64;0;10119;117983;44;120;408843;1;running;None;5378;5378;5378;zmr280;66001527307;541275618069;171112497;740146165;0;0;0;0;0;0;0;0;0;0;0;0;0;0;0;0;0;0;0;0;0;0;0;0;0;0;0;0;19990182993;63903001949;10634038;12525276;0;0;0;0;0;0;0;0;0;0;0;0;12908966;12908966;71774;71774;0;0;0;0;443512;9342895104;3395394;420476167168;497;2242560;11;1057792;381487;9084290048;250880;11294068736;61343;252192768;3144491;409180811264;56;1728512;0;0;0.0;0.0;43473849.88;780.79;15126.1;614.48;3994.34;0.0;1840185.29;1624956.28;15.9;2.7677916666666653;1500.0;2800.0;75440481868;6421645568;1047336449;0
1722710016829.7805;32;823.4;0.0;0.0;0.0;56.54;586.74;1722709911.89;/home/zmr280;/var/scratch/zmr280/opencraft/opencraft.x86_64;5378;5378;5378;4096;53687880;125578;192512;33456;574;0;4;47882129408;0;0;14816977920;14813278208;153149440;0;8192;14816440320;56286969856;47882129408;0;0;14813278208;153149440;8192;56286969856;10.971351439836239;opencraft.x86_64;0;10201;118835;44;120;408843;1;running;None;5378;5378;5378;zmr280;66004317240;541276691970;171117998;740152566;0;0;0;0;0;0;0;0;0;0;0;0;0;0;0;0;0;0;0;0;0;0;0;0;0;0;0;0;19990183457;63903002155;10634040;12525277;0;0;0;0;0;0;0;0;0;0;0;0;12908966;12908966;71774;71774;0;0;0;0;443512;9342895104;3395394;420476167168;497;2242560;11;1057792;381487;9084290048;250880;11294068736;61343;252192768;3144491;409180811264;56;1728512;0;0;0.0;0.0;43473894.66;780.79;15126.23;614.49;3994.4;0.0;1840185.84;1624965.13;17.7;2.745520833333332;1500.0;2800.0;75440558446;6421700436;1047360525;0
1722710017968.6968;3;712.5;0.0;0.0;0.0;57.0;594.38;1722709911.89;/home/zmr280;/var/scratch/zmr280/opencraft/opencraft.x86_64;5378;5378;5378;4096;54032440;126522;192512;33456;574;0;4;47882129408;0;0;14816977920;14813278208;153149440;0;8192;14816440320;56286969856;47882129408;0;0;14813278208;153149440;8192;56286969856;10.971351439836239;opencraft.x86_64;0;10289;119663;44;120;408843;1;running;None;5378;5378;5378;zmr280;66007149236;541277778664;171123498;740159036;0;0;0;0;0;0;0;0;0;0;0;0;0;0;0;0;0;0;0;0;0;0;0;0;0;0;0;0;19990183457;63903002155;10634040;12525277;0;0;0;0;0;0;0;0;0;0;0;0;12908966;12908966;71774;71774;0;0;0;0;443512;9342895104;3395394;420476167168;497;2242560;11;1057792;381487;9084290048;250880;11294068736;61343;252192768;3144491;409180811264;56;1728512;0;0;0.0;0.0;43473940.6;780.79;15126.35;614.49;3994.46;0.0;1840186.4;1624972.87;15.6;2.782791666666665;1500.0;2800.0;75440638479;6421755687;1047383419;0
1722710019104.6086;3;712.8;0.0;0.0;0.0;57.5;601.94;1722709911.89;/home/zmr280;/var/scratch/zmr280/opencraft/opencraft.x86_64;5378;5378;5378;4096;54413500;127566;192512;33456;574;0;4;47882125312;0;0;14816973824;14813278208;153149440;0;8192;14816436224;56286969856;47882125312;0;0;14813278208;153149440;8192;56286969856;10.971351439836239;opencraft.x86_64;0;10385;120544;44;120;408843;1;running;None;5378;5378;5378;zmr280;66010072325;541278863201;171129088;740165474;0;0;0;0;0;0;0;0;0;0;0;0;0;0;0;0;0;0;0;0;0;0;0;0;0;0;0;0;19990183457;63903002155;10634040;12525277;0;0;0;0;0;0;0;0;0;0;0;0;12908966;12908966;71774;71774;0;0;0;0;443512;9342895104;3395394;420476167168;497;2242560;11;1057792;381487;9084290048;250880;11294068736;61343;252192768;3144491;409180811264;56;1728512;0;0;0.0;0.0;43473986.41;780.79;15126.46;614.5;3994.52;0.0;1840186.97;1624980.4;15.3;2.757854166666665;1500.0;2800.0;75440719979;6421810832;1047406587;0
1722710020233.907;3;720.9;0.0;0.0;0.0;58.03;609.57;1722709911.89;/home/zmr280;/var/scratch/zmr280/opencraft/opencraft.x86_64;5378;5378;5378;4096;54829600;128706;192512;33456;574;0;4;47882125312;0;0;14816973824;14813278208;153149440;0;8192;14816436224;56286969856;47882125312;0;0;14813278208;153149440;8192;56286969856;10.971351439836239;opencraft.x86_64;0;10482;121613;44;120;408843;1;running;None;5378;5378;5378;zmr280;66012934223;541279949133;171134588;740171921;0;0;0;0;0;0;0;0;0;0;0;0;0;0;0;0;0;0;0;0;0;0;0;0;0;0;0;0;19990183457;63903002155;10634040;12525277;0;0;0;0;0;0;0;0;0;0;0;0;12908966;12908966;71774;71774;0;0;0;0;443512;9342895104;3395394;420476167168;497;2242560;11;1057792;381487;9084290048;250880;11294068736;61343;252192768;3144491;409180811264;56;1728512;0;0;0.0;0.0;43474032.27;780.79;15126.58;614.51;3994.59;0.0;1840187.59;1624987.9;15.4;2.7783749999999987;1500.0;2800.0;75440806305;6421867644;1047430405;0
1722710021370.2012;27;850.2;0.0;0.0;0.0;58.55;618.73;1722709911.89;/home/zmr280;/var/scratch/zmr280/opencraft/opencraft.x86_64;5378;5378;5378;4096;55250080;129858;196608;33483;575;0;4;47899164672;0;0;14833787904;14830092288;153149440;0;8192;14833250304;56304009216;47899164672;0;0;14830092288;153149440;8192;56304009216;10.983804671202535;opencraft.x86_64;0;10569;122749;44;120;408843;1;running;None;5378;5378;5378;zmr280;66015778289;541281022605;171140095;740178321;0;0;0;0;0;0;0;0;0;0;0;0;0;0;0;0;0;0;0;0;0;0;0;0;0;0;0;0;19990191881;63903002765;10634046;12525280;0;0;0;0;0;0;0;0;0;0;0;0;12908966;12908966;71774;71774;0;0;0;0;443512;9342895104;3395394;420476167168;497;2242560;11;1057792;381487;9084290048;250880;11294068736;61343;252192768;3144491;409180811264;56;1728512;0;0;0.0;0.0;43474076.8;780.79;15126.71;614.52;3994.65;0.0;1840188.21;1624997.02;18.2;2.5644583333333317;1500.0;2800.0;75440892254;6421925748;1047454186;0
1722710022509.4119;28;709.9;0.0;0.0;0.0;59.01;626.31;1722709911.89;/home/zmr280;/var/scratch/zmr280/opencraft/opencraft.x86_64;5378;5378;5378;4096;55622380;130878;196608;33483;575;0;4;47899164672;0;0;14833787904;14830092288;153149440;0;8192;14833250304;56304009216;47899164672;0;0;14830092288;153149440;8192;56304009216;10.983804671202535;opencraft.x86_64;0;10662;123681;44;120;408843;1;running;None;5378;5378;5378;zmr280;66018653269;541282114862;171145598;740184808;0;0;0;0;0;0;0;0;0;0;0;0;0;0;0;0;0;0;0;0;0;0;0;0;0;0;0;0;19990191881;63903002765;10634046;12525280;0;0;0;0;0;0;0;0;0;0;0;0;12908966;12908966;71774;71774;0;0;0;0;443512;9342895104;3395394;420476167168;497;2242560;11;1057792;381487;9084290048;250880;11294068736;61343;252192768;3144491;409180811264;56;1728512;0;0;0.0;0.0;43474122.55;780.79;15126.82;614.52;3994.72;0.0;1840188.75;1625004.68;15.5;2.7746249999999986;1500.0;2800.0;75440972023;6421980136;1047476857;0
1722710023638.8584;5;694.9;0.0;0.0;0.0;59.46;633.72;1722709911.89;/home/zmr280;/var/scratch/zmr280/opencraft/opencraft.x86_64;5378;5378;5378;4096;55974240;131842;196608;33483;575;0;4;47899168768;0;0;14833781760;14830096384;153149440;0;8192;14833250304;56304009216;47899168768;0;0;14830096384;153149440;8192;56304009216;10.983807704876437;opencraft.x86_64;0;10748;124614;44;120;408843;1;running;None;5378;5378;5378;zmr280;66021471070;541283195913;171151098;740191218;0;0;0;0;0;0;0;0;0;0;0;0;0;0;0;0;0;0;0;0;0;0;0;0;0;0;0;0;19990191881;63903002765;10634046;12525280;0;0;0;0;0;0;0;0;0;0;0;0;12908966;12908966;71774;71774;0;0;0;0;443512;9342895104;3395394;420476167168;497;2242560;11;1057792;381487;9084290048;250880;11294068736;61343;252192768;3144491;409180811264;56;1728512;0;0;0.0;0.0;43474167.96;780.79;15126.94;614.53;3994.78;0.0;1840189.7;1625012.25;16.1;2.6954374999999984;1500.0;2800.0;75441050898;6422035474;1047499993;0
1722710024768.9187;29;795.7;0.0;0.0;0.0;59.87;642.51;1722709911.89;/home/zmr280;/var/scratch/zmr280/opencraft/opencraft.x86_64;5378;5378;5378;4096;56283760;132690;200704;33510;576;0;4;47899164672;0;0;14833792000;14830092288;153149440;0;8192;14833254400;56304009216;47899164672;0;0;14830092288;153149440;8192;56304009216;10.983804671202535;opencraft.x86_64;0;10831;125432;44;120;408843;1;running;None;5378;5378;5378;zmr280;66024330818;541284278240;171156694;740197686;0;0;0;0;0;0;0;0;0;0;0;0;0;0;0;0;0;0;0;0;0;0;0;0;0;0;0;0;19990192401;63903002971;10634048;12525281;0;0;0;0;0;0;0;0;0;0;0;0;12908966;12908966;71774;71774;0;0;0;0;443512;9342895104;3395394;420476167168;497;2242560;11;1057792;381487;9084290048;250880;11294068736;61343;252192768;3144491;409180811264;56;1728512;0;0;0.0;0.0;43474213.17;780.79;15127.08;614.53;3994.86;0.0;1840190.64;1625022.14;19.6;2.515458333333332;1500.0;2800.0;75441126793;6422092410;1047523575;0
1722710025926.0552;5;709.4;0.0;0.0;0.0;60.3;650.32;1722709911.89;/home/zmr280;/var/scratch/zmr280/opencraft/opencraft.x86_64;5378;5378;5378;4096;56683800;133786;200704;33510;576;0;4;47899164672;0;0;14833787904;14830088192;153149440;0;8192;14833250304;56304009216;47899164672;0;0;14830088192;153149440;8192;56304009216;10.983801637528632;opencraft.x86_64;0;10926;126753;44;120;408843;1;running;None;5378;5378;5378;zmr280;66029854564;541286426714;171167710;740210501;0;0;0;0;0;0;0;0;0;0;0;0;0;0;0;0;0;0;0;0;0;0;0;0;0;0;0;0;19990199949;63903003375;10634052;12525283;0;0;0;0;0;0;0;0;0;0;0;0;12908966;12908966;71774;71774;0;0;0;0;443512;9342895104;3395394;420476167168;497;2242560;11;1057792;381487;9084290048;250880;11294068736;61343;252192768;3144491;409180811264;56;1728512;0;0;0.0;0.0;43474260.49;780.79;15127.2;614.54;3994.91;0.0;1840191.23;1625030.25;15.8;2.7561666666666653;1500.0;2800.0;75441214677;6422150849;1047547370;0
1722710027105.4246;5;693.8;0.0;0.0;0.0;60.78;658.07;1722709911.89;/home/zmr280;/var/scratch/zmr280/opencraft/opencraft.x86_64;5378;5378;5378;4096;57035660;134750;200704;33510;576;0;4;47899168768;0;0;14833787904;14830092288;153149440;0;8192;14833250304;56304009216;47899168768;0;0;14830092288;153149440;8192;56304009216;10.983804671202535;opencraft.x86_64;0;11019;127811;44;120;408843;1;running;None;5378;5378;5378;zmr280;66032598547;541287516225;171173210;740216983;0;0;0;0;0;0;0;0;0;0;0;0;0;0;0;0;0;0;0;0;0;0;0;0;0;0;0;0;19990199949;63903003375;10634052;12525283;0;0;0;0;0;0;0;0;0;0;0;0;12908966;12908966;71774;71774;0;0;0;0;443512;9342895104;3395394;420476167168;497;2242560;11;1057792;381487;9084290048;250880;11294068736;61343;252192768;3144491;409180811264;56;1728512;0;0;0.0;0.0;43474308.75;780.79;15127.32;614.55;3994.98;0.0;1840191.8;1625037.91;14.9;2.3054375000000005;1500.0;2800.0;75441296692;6422206919;1047570996;0
1722710028295.7366;4;697.7;0.0;0.0;0.0;61.31;665.83;1722709911.89;/home/zmr280;/var/scratch/zmr280/opencraft/opencraft.x86_64;5378;5378;5378;4096;57434240;135842;200704;33510;576;0;4;47899164672;0;0;14833787904;14830092288;153149440;0;8192;14833250304;56304009216;47899164672;0;0;14830092288;153149440;8192;56304009216;10.983804671202535;opencraft.x86_64;0;11115;128812;44;120;408843;1;running;None;5378;5378;5378;zmr280;66035245146;541288592908;171178801;740223406;0;0;0;0;0;0;0;0;0;0;0;0;0;0;0;0;0;0;0;0;0;0;0;0;0;0;0;0;19990199949;63903003375;10634052;12525283;0;0;0;0;0;0;0;0;0;0;0;0;12908966;12908966;71774;71774;0;0;0;0;443512;9342895104;3395394;420476167168;497;2242560;11;1057792;381487;9084290048;250880;11294068736;61343;252192768;3144491;409180811264;56;1728512;0;0;0.0;0.0;43474356.72;780.79;15127.44;614.55;3995.04;0.0;1840192.41;1625045.06;14.2;2.255979166666666;1500.0;2800.0;75441382559;6422264077;1047594723;0
1722710029478.7507;4;829.4;0.0;0.0;0.0;61.81;675.1;1722709911.89;/home/zmr280;/var/scratch/zmr280/opencraft/opencraft.x86_64;5378;5378;5378;4096;57808000;136866;204800;33537;577;0;4;47899164672;0;0;14833787904;14830092288;153149440;0;8192;14833250304;56304009216;47899164672;0;0;14830092288;153149440;8192;56304009216;10.983804671202535;opencraft.x86_64;0;11209;130003;44;120;408843;1;running;None;5378;5378;5378;zmr280;66037920373;541289680304;171184211;740229873;0;0;0;0;0;0;0;0;0;0;0;0;0;0;0;0;0;0;0;0;0;0;0;0;0;0;0;0;19990200497;63903003581;10634054;12525284;0;0;0;0;0;0;0;0;0;0;0;0;12908966;12908966;71774;71774;0;0;0;0;443512;9342895104;3395394;420476167168;497;2242560;11;1057792;381487;9084290048;250880;11294068736;61343;252192768;3144491;409180811264;56;1728512;0;0;0.0;0.0;43474403.06;780.79;15127.56;614.56;3995.1;0.0;1840193.02;1625054.46;18.1;2.5482916666666653;1500.0;2800.0;75441465507;6422322155;1047619197;0
1722710030658.8645;3;698.4;0.0;0.0;0.0;62.26;682.94;1722709911.89;/home/zmr280;/var/scratch/zmr280/opencraft/opencraft.x86_64;5378;5378;5378;4096;58184680;137898;204800;33537;577;0;4;47899168768;0;0;14833787904;14830092288;153149440;0;8192;14833250304;56304009216;47899168768;0;0;14830092288;153149440;8192;56304009216;10.983804671202535;opencraft.x86_64;0;11306;131236;44;120;408843;1;running;None;5378;5378;5378;zmr280;66040748295;541290760769;171189802;740236299;0;0;0;0;0;0;0;0;0;0;0;0;0;0;0;0;0;0;0;0;0;0;0;0;0;0;0;0;19990207657;63903003985;10634058;12525286;0;0;0;0;0;0;0;0;0;0;0;0;12908966;12908966;71774;71774;0;0;0;0;443512;9342895104;3395396;420476179456;497;2242560;11;1057792;381487;9084290048;250882;11294081024;61343;252192768;3144491;409180811264;56;1728512;0;0;0.0;0.0;43474451.22;780.79;15127.69;614.56;3995.17;0.0;1840193.61;1625062.51;15.4;2.263354166666668;1500.0;2800.0;75441549981;6422379224;1047642974;0
1722710031844.7058;27;706.1;0.0;0.0;0.0;62.77;690.76;1722709911.89;/home/zmr280;/var/scratch/zmr280/opencraft/opencraft.x86_64;5378;5378;5378;4096;58590560;139010;204800;33537;577;0;4;47899164672;0;0;14833783808;14830092288;153149440;0;8192;14833246208;56304009216;47899164672;0;0;14830092288;153149440;8192;56304009216;10.983804671202535;opencraft.x86_64;0;11400;132405;44;120;408843;1;running;None;5378;5378;5378;zmr280;66043465640;541291841594;171195303;740242754;0;0;0;0;0;0;0;0;0;0;0;0;0;0;0;0;0;0;0;0;0;0;0;0;0;0;0;0;19990207657;63903003985;10634058;12525286;0;0;0;0;0;0;0;0;0;0;0;0;12908966;12908966;71774;71774;0;0;0;0;443512;9342895104;3395396;420476179456;497;2242560;11;1057792;381487;9084290048;250882;11294081024;61343;252192768;3144491;409180811264;56;1728512;0;0;0.0;0.0;43474499.02;780.79;15127.81;614.57;3995.24;0.0;1840194.21;1625069.94;14.7;2.481812499999999;1500.0;2800.0;75441636552;6422436584;1047667253;0
1722710033026.9268;27;816.8;0.0;0.0;0.0;63.26;699.93;1722709911.89;/home/zmr280;/var/scratch/zmr280/opencraft/opencraft.x86_64;5378;5378;5378;4096;58951180;139998;208896;33564;578;0;4;47899168768;0;0;14834152448;14830452736;153149440;0;8192;14833614848;56304009216;47899168768;0;0;14830452736;153149440;8192;56304009216;10.98407163450588;opencraft.x86_64;0;11491;133444;44;120;408843;1;running;None;5378;5378;5378;zmr280;66049051714;541293997449;171206309;740255608;0;0;0;0;0;0;0;0;0;0;0;0;0;0;0;0;0;0;0;0;0;0;0;0;0;0;0;0;19990208835;63903004737;10634065;12525290;0;0;0;0;0;0;0;0;0;0;0;0;12908966;12908966;71774;71774;0;0;0;0;443512;9342895104;3395397;420476183552;497;2242560;11;1057792;381487;9084290048;250883;11294085120;61343;252192768;3144491;409180811264;56;1728512;0;0;0.0;0.0;43474545.59;780.79;15127.93;614.58;3995.3;0.0;1840194.81;1625078.8;17.2;2.7664791666666653;1500.0;2800.0;75441718410;6422494445;1047691420;0
1722710034207.148;5;699.4;0.0;0.0;0.0;63.68;707.85;1722709911.89;/home/zmr280;/var/scratch/zmr280/opencraft/opencraft.x86_64;5378;5378;5378;4096;59308880;140978;208896;33564;578;0;4;47899164672;0;0;14834152448;14830452736;153149440;0;8192;14833614848;56304009216;47899164672;0;0;14830452736;153149440;8192;56304009216;10.98407163450588;opencraft.x86_64;0;11582;134575;44;120;408843;1;running;None;5378;5378;5378;zmr280;66051917699;541295080684;171211814;740262036;0;0;0;0;0;0;0;0;0;0;0;0;0;0;0;0;0;0;0;0;0;0;0;0;0;0;0;0;19990209133;63903004919;10634068;12525291;0;0;0;0;0;0;0;0;0;0;0;0;12908966;12908966;71774;71774;0;0;0;0;443512;9342895104;3395397;420476183552;497;2242560;11;1057792;381487;9084290048;250883;11294085120;61343;252192768;3144491;409180811264;56;1728512;0;0;0.0;0.0;43474593.68;780.79;15128.06;614.58;3995.36;0.0;1840195.38;1625087.08;15.8;2.708020833333332;1500.0;2800.0;75441801614;6422551787;1047715729;0
1722710035400.1936;29;706.4;0.0;0.0;0.0;64.12;715.78;1722709911.89;/home/zmr280;/var/scratch/zmr280/opencraft/opencraft.x86_64;5378;5378;5378;4096;59624240;141842;208896;33564;578;0;4;47899168768;0;0;14834152448;14830452736;153149440;0;8192;14833614848;56304009216;47899168768;0;0;14830452736;153149440;8192;56304009216;10.98407163450588;opencraft.x86_64;0;11677;135471;44;120;408843;1;running;None;5378;5378;5378;zmr280;66054668285;541296165229;171217405;740268511;0;0;0;0;0;0;0;0;0;0;0;0;0;0;0;0;0;0;0;0;0;0;0;0;0;0;0;0;19990209133;63903004919;10634068;12525291;0;0;0;0;0;0;0;0;0;0;0;0;12908966;12908966;71774;71774;0;0;0;0;443512;9342895104;3395397;420476183552;497;2242560;11;1057792;381487;9084290048;250883;11294085120;61343;252192768;3144491;409180811264;56;1728512;0;0;0.0;0.0;43474641.75;780.79;15128.18;614.59;3995.43;0.0;1840195.94;1625095.26;15.7;2.7564999999999986;1500.0;2800.0;75441880206;6422606601;1047740021;0
1722710036582.1313;5;843.8;0.0;0.0;0.0;64.6;724.98;1722709911.89;/home/zmr280;/var/scratch/zmr280/opencraft/opencraft.x86_64;5378;5378;5378;4096;59995080;142858;212992;33591;579;0;4;47899185152;0;0;14834148352;14830448640;153149440;0;8192;14833610752;56304009216;47899185152;0;0;14830448640;153149440;8192;56304009216;10.98406860083198;opencraft.x86_64;0;11769;136818;44;120;408843;1;running;None;5378;5378;5378;zmr280;66057409429;541297245302;171222905;740274954;0;0;0;0;0;0;0;0;0;0;0;0;0;0;0;0;0;0;0;0;0;0;0;0;0;0;0;0;19990217429;63903005529;10634074;12525294;0;0;0;0;0;0;0;0;0;0;0;0;12908966;12908966;71774;71774;0;0;0;0;443512;9342895104;3395397;420476183552;497;2242560;11;1057792;381487;9084290048;250883;11294085120;61343;252192768;3144491;409180811264;56;1728512;0;0;0.0;0.0;43474686.35;780.79;15128.31;614.59;3995.49;0.0;1840196.48;1625104.13;17.7;2.6228749999999983;1500.0;2800.0;75441960810;6422662420;1047764475;0
1722710037711.5876;5;656.6;0.0;0.0;0.0;65.03;731.95;1722709911.89;/home/zmr280;/var/scratch/zmr280/opencraft/opencraft.x86_64;5378;5378;5378;4096;60457900;144126;212992;33591;579;0;4;47899164672;0;0;14834144256;14830448640;153149440;0;8192;14833606656;56304009216;47899164672;0;0;14830448640;153149440;8192;56304009216;10.98406860083198;opencraft.x86_64;0;11858;138579;44;120;408843;1;running;None;5378;5378;5378;zmr280;66060359237;541298323100;171228405;740281358;0;0;0;0;0;0;0;0;0;0;0;0;0;0;0;0;0;0;0;0;0;0;0;0;0;0;0;0;19990217429;63903005529;10634074;12525294;0;0;0;0;0;0;0;0;0;0;0;0;12908966;12908966;71774;71774;0;0;0;0;443512;9342895104;3395397;420476183552;497;2242560;11;1057792;381487;9084290048;250883;11294085120;61343;252192768;3144491;409180811264;56;1728512;0;0;0.0;0.0;43474732.56;780.79;15128.41;614.6;3995.54;0.0;1840197.02;1625111.16;14.3;2.6687083333333326;1500.0;2800.0;75442051943;6422720752;1047787352;0
1722710038837.6145;5;640.5;0.0;0.0;0.0;65.47;739.02;1722709911.89;/home/zmr280;/var/scratch/zmr280/opencraft/opencraft.x86_64;5378;5378;5378;4096;60929480;145418;212992;33591;579;0;4;47892664320;0;0;14827652096;14823948288;153149440;0;8192;14827114496;56304009216;47892664320;0;0;14823948288;153149440;8192;56304009216;10.979254160350052;opencraft.x86_64;0;11953;140439;44;120;408843;1;sleeping;None;5378;5378;5378;zmr280;66063137956;541299409426;171233905;740287849;0;0;0;0;0;0;0;0;0;0;0;0;0;0;0;0;0;0;0;0;0;0;0;0;0;0;0;0;19990217429;63903005529;10634074;12525294;0;0;0;0;0;0;0;0;0;0;0;0;12908966;12908966;71774;71774;0;0;0;0;443512;9342895104;3395399;420476232704;497;2242560;11;1057792;381487;9084290048;250885;11294134272;61343;252192768;3144491;409180811264;56;1728512;0;0;0.0;0.0;43474781.2;780.79;15128.52;614.6;3995.59;0.0;1840197.59;1625118.69;14.5;2.745520833333332;1500.0;2800.0;75442145131;6422780727;1047811029;0
1722710040031.2727;13;694.5;0.0;0.0;0.0;65.91;746.86;1722709911.89;/home/zmr280;/var/scratch/zmr280/opencraft/opencraft.x86_64;5378;5378;5378;4096;61244840;146282;212992;33591;579;0;4;47892668416;0;0;14827648000;14823952384;153149440;0;8192;14827110400;56304009216;47892668416;0;0;14823952384;153149440;8192;56304009216;10.979257194023953;opencraft.x86_64;0;12043;141231;44;120;408843;1;running;None;5378;5378;5378;zmr280;66065809212;541300487056;171239406;740294283;0;0;0;0;0;0;0;0;0;0;0;0;0;0;0;0;0;0;0;0;0;0;0;0;0;0;0;0;19990217429;63903005529;10634074;12525294;0;0;0;0;0;0;0;0;0;0;0;0;12908966;12908966;71774;71774;0;0;0;0;443512;9342895104;3395399;420476232704;497;2242560;11;1057792;381487;9084290048;250885;11294134272;61343;252192768;3144491;409180811264;56;1728512;0;0;0.0;0.0;43474829.59;780.79;15128.64;614.61;3995.65;0.0;1840198.17;1625126.43;15.0;2.754020833333332;1500.0;2800.0;75442223638;6422834921;1047835230;0
1722710041222.205;38;826.4;0.0;0.0;0.0;66.32;756.3;1722709911.89;/home/zmr280;/var/scratch/zmr280/opencraft/opencraft.x86_64;5378;5378;5378;4096;61560200;147146;217088;33618;580;0;4;47892668416;0;0;14827652096;14823956480;153149440;0;8192;14827114496;56304009216;47892668416;0;0;14823956480;153149440;8192;56304009216;10.979260227697855;opencraft.x86_64;0;12134;142070;44;120;408843;1;running;None;5378;5378;5378;zmr280;66071262404;541302637146;171250407;740307144;0;0;0;0;0;0;0;0;0;0;0;0;0;0;0;0;0;0;0;0;0;0;0;0;0;0;0;0;19990225543;63903006469;10634081;12525300;0;0;0;0;0;0;0;0;0;0;0;0;12908966;12908966;71774;71774;0;0;0;0;443512;9342895104;3395399;420476232704;497;2242560;11;1057792;381487;9084290048;250885;11294134272;61343;252192768;3144491;409180811264;56;1728512;0;0;0.0;0.0;43474876.6;780.79;15128.77;614.62;3995.71;0.0;1840198.71;1625136.27;18.4;2.733062499999999;1500.0;2800.0;75442303719;6422892377;1047859856;0
1722710042421.2844;37;710.2;0.0;0.0;0.0;66.76;764.38;1722709911.89;/home/zmr280;/var/scratch/zmr280/opencraft/opencraft.x86_64;5378;5378;5378;4096;61881400;148026;217088;33618;580;0;4;47892672512;0;0;14827766784;14823956480;153149440;0;8192;14827229184;56304009216;47892672512;0;0;14823956480;153149440;8192;56304009216;10.979260227697855;opencraft.x86_64;0;12227;142848;44;120;408843;1;running;None;5378;5378;5378;zmr280;66074093695;541303725309;171255997;740313606;0;0;0;0;0;0;0;0;0;0;0;0;0;0;0;0;0;0;0;0;0;0;0;0;0;0;0;0;19990225543;63903006469;10634081;12525300;0;0;0;0;0;0;0;0;0;0;0;0;12908966;12908966;71774;71774;0;0;0;0;443512;9342895104;3395399;420476232704;497;2242560;11;1057792;381487;9084290048;250885;11294134272;61343;252192768;3144491;409180811264;56;1728512;0;0;0.0;0.0;43474925.02;780.79;15128.9;614.63;3995.77;0.0;1840199.34;1625144.58;15.9;2.745583333333332;1500.0;2800.0;75442383508;6422948245;1047884332;0
1722710043617.045;12;694.4;0.0;0.0;0.0;67.24;772.2;1722709911.89;/home/zmr280;/var/scratch/zmr280/opencraft/opencraft.x86_64;5378;5378;5378;4096;62208440;148922;217088;33618;580;0;4;47892672512;0;0;14827770880;14824071168;153149440;0;8192;14827233280;56304009216;47892672512;0;0;14824071168;153149440;8192;56304009216;10.979345170567102;opencraft.x86_64;0;12323;143766;44;120;408843;1;running;None;5378;5378;5378;zmr280;66076762021;541304800229;171261498;740320023;0;0;0;0;0;0;0;0;0;0;0;0;0;0;0;0;0;0;0;0;0;0;0;0;0;0;0;0;19990225543;63903006469;10634081;12525300;0;0;0;0;0;0;0;0;0;0;0;0;12908966;12908966;71774;71774;0;0;0;0;443512;9342895104;3395399;420476232704;497;2242560;11;1057792;381487;9084290048;250885;11294134272;61343;252192768;3144491;409180811264;56;1728512;0;0;0.0;0.0;43474973.64;780.79;15129.02;614.63;3995.84;0.0;1840199.95;1625152.22;14.8;2.736083333333332;1500.0;2800.0;75442463221;6423002973;1047908104;0
1722710044816.1875;38;822.1;0.0;0.0;0.0;67.67;781.63;1722709911.89;/home/zmr280;/var/scratch/zmr280/opencraft/opencraft.x86_64;5378;5378;5378;4096;62525260;149790;221184;33645;581;0;4;47892668416;0;0;14827762688;14824067072;153149440;0;8192;14827225088;56304009216;47892668416;0;0;14824067072;153149440;8192;56304009216;10.9793421368932;opencraft.x86_64;0;12422;144643;44;120;408843;1;running;None;5378;5378;5378;zmr280;66079512865;541305870847;171266998;740326422;0;0;0;0;0;0;0;0;0;0;0;0;0;0;0;0;0;0;0;0;0;0;0;0;0;0;0;0;19990227959;63903008677;10634093;12525312;0;0;0;0;0;0;0;0;0;0;0;0;12908966;12908966;71774;71774;0;0;0;0;443512;9342895104;3395399;420476232704;497;2242560;11;1057792;381487;9084290048;250885;11294134272;61343;252192768;3144491;409180811264;56;1728512;0;0;0.0;0.0;43475020.74;780.79;15129.15;614.63;3995.9;0.0;1840200.48;1625161.73;17.8;2.7233958333333317;1500.0;2800.0;75442541969;6423059347;1047932789;0
1722710046013.7856;38;713.4;0.0;0.0;0.0;68.17;789.38;1722709911.89;/home/zmr280;/var/scratch/zmr280/opencraft/opencraft.x86_64;5378;5378;5378;4096;62916540;150862;221184;33645;581;0;4;47892664320;0;0;14827766784;14824062976;153149440;0;8192;14827229184;56304009216;47892664320;0;0;14824062976;153149440;8192;56304009216;10.9793391032193;opencraft.x86_64;0;12522;146147;44;120;408843;1;running;None;5378;5378;5378;zmr280;66082212272;541306955747;171272499;740332896;0;0;0;0;0;0;0;0;0;0;0;0;0;0;0;0;0;0;0;0;0;0;0;0;0;0;0;0;19990236701;63903011083;10634108;12525325;0;0;0;0;0;0;0;0;0;0;0;0;12908966;12908966;71774;71774;0;0;0;0;443512;9342895104;3395399;420476232704;497;2242560;11;1057792;381487;9084290048;250885;11294134272;61343;252192768;3144491;409180811264;56;1728512;0;0;0.0;0.0;43475067.22;780.79;15129.26;614.64;3995.95;0.0;1840201.06;1625169.02;14.7;2.8027499999999983;1500.0;2800.0;75442627180;6423115714;1047955834;0
1722710047152.458;38;662.8;0.0;0.0;0.0;68.65;796.42;1722709911.89;/home/zmr280;/var/scratch/zmr280/opencraft/opencraft.x86_64;5378;5378;5378;4096;63389580;152158;221184;33645;581;0;4;47892660224;0;0;14827766784;14824062976;153149440;0;8192;14827229184;56304009216;47892660224;0;0;14824062976;153149440;8192;56304009216;10.9793391032193;opencraft.x86_64;0;12620;147954;44;120;408843;1;running;None;5378;5378;5378;zmr280;66084985495;541308035943;171278090;740339323;0;0;0;0;0;0;0;0;0;0;0;0;0;0;0;0;0;0;0;0;0;0;0;0;0;0;0;0;19990236767;63903011083;10634109;12525325;0;0;0;0;0;0;0;0;0;0;0;0;12908966;12908966;71774;71774;0;0;0;0;443512;9342895104;3395399;420476232704;497;2242560;11;1057792;381487;9084290048;250885;11294134272;61343;252192768;3144491;409180811264;56;1728512;0;0;0.0;0.0;43475113.78;780.79;15129.36;614.65;3996.0;0.0;1840201.62;1625176.02;14.2;2.781458333333332;1500.0;2800.0;75442719224;6423174574;1047978560;0
1722710048286.6638;38;788.0;0.0;0.0;0.0;69.1;804.9;1722709911.89;/home/zmr280;/var/scratch/zmr280/opencraft/opencraft.x86_64;5378;5378;5378;4096;63852400;153426;225280;33672;582;0;4;47892664320;0;0;14827758592;14824062976;153149440;0;8192;14827220992;56304009216;47892664320;0;0;14824062976;153149440;8192;56304009216;10.9793391032193;opencraft.x86_64;0;12718;149679;44;120;408843;1;running;None;5378;5378;5378;zmr280;66087678261;541309114944;171283597;740345780;0;0;0;0;0;0;0;0;0;0;0;0;0;0;0;0;0;0;0;0;0;0;0;0;0;0;0;0;19990237447;63903011289;10634111;12525326;0;0;0;0;0;0;0;0;0;0;0;0;12908966;12908966;71774;71774;0;0;0;0;443512;9342895104;3395399;420476232704;497;2242560;11;1057792;381487;9084290048;250885;11294134272;61343;252192768;3144491;409180811264;56;1728512;0;0;0.0;0.0;43475158.76;780.79;15129.47;614.66;3996.05;0.0;1840202.15;1625184.38;16.8;2.781833333333332;1500.0;2800.0;75442810833;6423234221;1048002617;0
1722710049419.6118;13;659.6;0.0;0.0;0.0;69.54;811.99;1722709911.89;/home/zmr280;/var/scratch/zmr280/opencraft/opencraft.x86_64;5378;5378;5378;4096;64246600;154506;225280;33672;582;0;4;47892668416;0;0;14827766784;14824067072;153149440;0;8192;14827229184;56304009216;47892668416;0;0;14824067072;153149440;8192;56304009216;10.9793421368932;opencraft.x86_64;0;12812;151066;44;120;408843;1;running;None;5378;5378;5378;zmr280;66090388801;541310198104;171289010;740352194;0;0;0;0;0;0;0;0;0;0;0;0;0;0;0;0;0;0;0;0;0;0;0;0;0;0;0;0;19990237447;63903011289;10634111;12525326;0;0;0;0;0;0;0;0;0;0;0;0;12908966;12908966;71774;71774;0;0;0;0;443512;9342895104;3395399;420476232704;497;2242560;11;1057792;381487;9084290048;250885;11294134272;61343;252192768;3144491;409180811264;56;1728512;0;0;0.0;0.0;43475205.48;780.79;15129.58;614.66;3996.1;0.0;1840202.74;1625192.22;15.5;2.3338958333333326;1500.0;2800.0;75442893852;6423289861;1048025603;0
1722710050562.2952;13;690.5;0.0;0.0;0.0;69.9;819.52;1722709911.89;/home/zmr280;/var/scratch/zmr280/opencraft/opencraft.x86_64;5378;5378;5378;4096;64559040;155362;225280;33672;582;0;4;47892664320;0;0;14827766784;14824067072;153149440;0;8192;14827229184;56304009216;47892664320;0;0;14824067072;153149440;8192;56304009216;10.9793421368932;opencraft.x86_64;0;12908;151838;44;120;408843;1;running;None;5378;5378;5378;zmr280;66095768482;541312354284;171300100;740365072;0;0;0;0;0;0;0;0;0;0;0;0;0;0;0;0;0;0;0;0;0;0;0;0;0;0;0;0;19990237447;63903011289;10634111;12525326;0;0;0;0;0;0;0;0;0;0;0;0;12908966;12908966;71774;71774;0;0;0;0;443512;9342895104;3395399;420476232704;497;2242560;11;1057792;381487;9084290048;250885;11294134272;61343;252192768;3144491;409180811264;56;1728512;0;0;0.0;0.0;43475251.91;780.79;15129.69;614.67;3996.16;0.0;1840203.19;1625199.87;15.1;2.737916666666665;1500.0;2800.0;75442968853;6423341963;1048047792;0
1722710051701.7812;12;679.4;0.0;0.0;0.0;70.27;826.89;1722709911.89;/home/zmr280;/var/scratch/zmr280/opencraft/opencraft.x86_64;5378;5378;5378;4096;64899220;156294;225280;33672;582;0;4;47892668416;0;0;14827762688;14824067072;153149440;0;8192;14827225088;56304009216;47892668416;0;0;14824067072;153149440;8192;56304009216;10.9793421368932;opencraft.x86_64;0;13002;152834;44;120;408843;1;running;None;5378;5378;5378;zmr280;66098505388;541313439247;171305600;740371524;0;0;0;0;0;0;0;0;0;0;0;0;0;0;0;0;0;0;0;0;0;0;0;0;0;0;0;0;19990245599;63903011899;10634117;12525329;0;0;0;0;0;0;0;0;0;0;0;0;12908966;12908966;71774;71774;0;0;0;0;443512;9342895104;3395399;420476232704;497;2242560;11;1057792;381487;9084290048;250885;11294134272;61343;252192768;3144491;409180811264;56;1728512;0;0;0.0;0.0;43475297.22;780.79;15129.82;614.68;3996.21;0.0;1840203.67;1625208.85;17.6;2.557083333333333;1500.0;2800.0;75443046830;6423396749;1048072195;0
1722710052847.737;5;833.4;0.0;0.0;0.0;70.6;836.03;1722709911.89;/home/zmr280;/var/scratch/zmr280/opencraft/opencraft.x86_64;5378;5378;5378;4096;65185380;157078;229376;33699;583;0;4;47892668416;0;0;14827766784;14824071168;153149440;0;8192;14827229184;56304009216;47892668416;0;0;14824071168;153149440;8192;56304009216;10.979345170567102;opencraft.x86_64;0;13094;153600;44;120;408843;1;running;None;5378;5378;5378;zmr280;66101214310;541314512319;171311100;740377941;0;0;0;0;0;0;0;0;0;0;0;0;0;0;0;0;0;0;0;0;0;0;0;0;0;0;0;0;19990245599;63903011899;10634117;12525329;0;0;0;0;0;0;0;0;0;0;0;0;12908966;12908966;71774;71774;0;0;0;0;443512;9342895104;3395399;420476232704;497;2242560;11;1057792;381487;9084290048;250885;11294134272;61343;252192768;3144491;409180811264;56;1728512;0;0;0.0;0.0;43475343.07;780.79;15129.93;614.68;3996.27;0.0;1840204.13;1625216.9;15.9;2.3645833333333335;1500.0;2800.0;75443120880;6423448266;1048095147;0
1722710053976.1167;5;675.1;0.0;0.0;0.0;71.04;843.19;1722709911.89;/home/zmr280;/var/scratch/zmr280/opencraft/opencraft.x86_64;5378;5378;5378;4096;65547460;158070;229376;33699;583;0;4;47892664320;0;0;14827762688;14824067072;153149440;0;8192;14827225088;56304009216;47892664320;0;0;14824067072;153149440;8192;56304009216;10.9793421368932;opencraft.x86_64;0;13190;154697;44;120;408843;1;running;None;5378;5378;5378;zmr280;66103995970;541315586303;171316692;740384352;0;0;0;0;0;0;0;0;0;0;0;0;0;0;0;0;0;0;0;0;0;0;0;0;0;0;0;0;19990245599;63903011899;10634117;12525329;0;0;0;0;0;0;0;0;0;0;0;0;12908966;12908966;71774;71774;0;0;0;0;443512;9342895104;3395399;420476232704;497;2242560;11;1057792;381487;9084290048;250885;11294134272;61343;252192768;3144491;409180811264;56;1728512;0;0;0.0;0.0;43475389.13;780.79;15130.04;614.69;3996.32;0.0;1840204.63;1625224.02;14.5;2.8028749999999985;1500.0;2800.0;75443200905;6423501746;1048117405;0
1722710055100.4602;29;641.5;0.0;0.0;0.0;71.45;850.0;1722709911.89;/home/zmr280;/var/scratch/zmr280/opencraft/opencraft.x86_64;5378;5378;5378;4096;66017580;159358;229376;33699;583;0;4;47892664320;0;0;14827762688;14824062976;153149440;0;8192;14827225088;56304009216;47892664320;0;0;14824062976;153149440;8192;56304009216;10.9793391032193;opencraft.x86_64;0;13281;156488;44;120;408843;1;running;None;5378;5378;5378;zmr280;66106768944;541316671311;171322192;740390818;0;0;0;0;0;0;0;0;0;0;0;0;0;0;0;0;0;0;0;0;0;0;0;0;0;0;0;0;19990245599;63903011899;10634117;12525329;0;0;0;0;0;0;0;0;0;0;0;0;12908966;12908966;71774;71774;0;0;0;0;443512;9342895104;3395399;420476232704;497;2242560;11;1057792;381487;9084290048;250885;11294134272;61343;252192768;3144491;409180811264;56;1728512;0;0;0.0;0.0;43475435.43;780.79;15130.14;614.7;3996.37;0.0;1840205.11;1625230.68;13.6;2.648416666666665;1500.0;2800.0;75443292346;6423560133;1048139775;0
1722710056225.8806;3;791.5;0.0;0.0;0.0;71.91;858.45;1722709911.89;/home/zmr280;/var/scratch/zmr280/opencraft/opencraft.x86_64;5378;5378;5378;4096;66385500;160366;233472;33726;584;0;4;47892668416;0;0;14827766784;14824071168;153149440;0;8192;14827229184;56304009216;47892668416;0;0;14824071168;153149440;8192;56304009216;10.979345170567102;opencraft.x86_64;0;13368;157567;44;120;408843;1;running;None;5378;5378;5378;zmr280;66109374791;541317746334;171327602;740397230;0;0;0;0;0;0;0;0;0;0;0;0;0;0;0;0;0;0;0;0;0;0;0;0;0;0;0;0;19990253251;63903012509;10634121;12525332;0;0;0;0;0;0;0;0;0;0;0;0;12908966;12908966;71774;71774;0;0;0;0;443512;9342895104;3395400;420476236800;497;2242560;11;1057792;381487;9084290048;250886;11294138368;61343;252192768;3144491;409180811264;56;1728512;0;0;0.0;0.0;43475480.17;780.79;15130.25;614.71;3996.42;0.0;1840205.63;1625239.06;16.9;2.741166666666665;1500.0;2800.0;75443371959;6423614486;1048163202;0
1722710057352.4534;3;658.4;0.0;0.0;0.0;72.38;865.4;1722709911.89;/home/zmr280;/var/scratch/zmr280/opencraft/opencraft.x86_64;5378;5378;5378;4096;66784080;161458;233472;33726;584;0;4;47892664320;0;0;14827762688;14824062976;153149440;0;8192;14827225088;56304009216;47892664320;0;0;14824062976;153149440;8192;56304009216;10.9793391032193;opencraft.x86_64;0;13466;158807;44;120;408843;1;running;None;5378;5378;5378;zmr280;66111996029;541318824538;171333192;740403687;0;0;0;0;0;0;0;0;0;0;0;0;0;0;0;0;0;0;0;0;0;0;0;0;0;0;0;0;19990253317;63903012509;10634122;12525332;0;0;0;0;0;0;0;0;0;0;0;0;12908966;12908966;71774;71774;0;0;0;0;443512;9342895104;3395400;420476236800;497;2242560;11;1057792;381487;9084290048;250886;11294138368;61343;252192768;3144491;409180811264;56;1728512;0;0;0.0;0.0;43475526.45;780.79;15130.36;614.72;3996.47;0.0;1840206.18;1625246.04;14.3;2.792354166666666;1500.0;2800.0;75443456189;6423669937;1048186042;0
1722710058480.4822;3;645.3;0.0;0.0;0.0;72.79;872.27;1722709911.89;/home/zmr280;/var/scratch/zmr280/opencraft/opencraft.x86_64;5378;5378;5378;4096;67260040;162762;233472;33726;584;0;4;47892664320;0;0;14827758592;14824062976;153149440;0;8192;14827220992;56304009216;47892664320;0;0;14824062976;153149440;8192;56304009216;10.9793391032193;opencraft.x86_64;0;13565;160589;44;120;408843;1;running;None;5378;5378;5378;zmr280;66114649499;541319893241;171338692;740410087;0;0;0;0;0;0;0;0;0;0;0;0;0;0;0;0;0;0;0;0;0;0;0;0;0;0;0;0;19990253317;63903012509;10634122;12525332;0;0;0;0;0;0;0;0;0;0;0;0;12908966;12908966;71774;71774;0;0;0;0;443512;9342895104;3395400;420476236800;497;2242560;11;1057792;381487;9084290048;250886;11294138368;61343;252192768;3144491;409180811264;56;1728512;0;0;0.0;0.0;43475572.78;780.79;15130.46;614.72;3996.52;0.0;1840206.68;1625252.97;14.1;2.8027499999999983;1500.0;2800.0;75443547740;6423728157;1048208373;0
1722710059605.5112;27;653.0;0.0;0.0;0.0;73.25;879.16;1722709911.89;/home/zmr280;/var/scratch/zmr280/opencraft/opencraft.x86_64;5378;5378;5378;4096;67718480;164018;233472;33726;584;0;4;47892660224;0;0;14827758592;14824062976;153149440;0;8192;14827220992;56304009216;47892660224;0;0;14824062976;153149440;8192;56304009216;10.9793391032193;opencraft.x86_64;0;13656;162259;44;120;408843;1;running;None;5378;5378;5378;zmr280;66117342783;541320976002;171344282;740416553;0;0;0;0;0;0;0;0;0;0;0;0;0;0;0;0;0;0;0;0;0;0;0;0;0;0;0;0;19990253317;63903012509;10634122;12525332;0;0;0;0;0;0;0;0;0;0;0;0;12908966;12908966;71774;71774;0;0;0;0;443512;9342895104;3395400;420476236800;497;2242560;11;1057792;381487;9084290048;250886;11294138368;61343;252192768;3144491;409180811264;56;1728512;0;0;0.0;0.0;43475619.08;780.79;15130.55;614.73;3996.57;0.0;1840207.2;1625259.79;13.9;2.8024791666666657;1500.0;2800.0;75443638837;6423785929;1048231558;0
1722710060731.4624;4;798.6;0.0;0.0;0.0;73.65;887.75;1722709911.89;/home/zmr280;/var/scratch/zmr280/opencraft/opencraft.x86_64;5378;5378;5378;4096;68137500;165166;237568;33753;585;0;4;47909449728;0;0;14844576768;14840877056;153149440;0;8192;14844039168;56320786432;47909449728;0;0;14840877056;153149440;8192;56320786432;10.991792334585593;opencraft.x86_64;0;13747;163789;44;120;408843;1;running;None;5378;5378;5378;zmr280;66122734492;541323123806;171355372;740429392;0;0;0;0;0;0;0;0;0;0;0;0;0;0;0;0;0;0;0;0;0;0;0;0;0;0;0;0;19990254081;63903012715;10634124;12525333;0;0;0;0;0;0;0;0;0;0;0;0;12908966;12908966;71774;71774;0;0;0;0;443512;9342895104;3395411;420476281856;497;2242560;11;1057792;381487;9084290048;250897;11294183424;61343;252192768;3144491;409180811264;56;1728512;0;0;0.0;0.0;43475663.77;780.79;15130.67;614.73;3996.62;0.0;1840207.66;1625268.26;16.9;2.678937499999998;1500.0;2800.0;75443724047;6423843226;1048255185;0
1722710061858.091;4;655.7;0.0;0.0;0.0;74.13;894.65;1722709911.89;/home/zmr280;/var/scratch/zmr280/opencraft/opencraft.x86_64;5378;5378;5378;4096;68524400;166226;237568;33753;585;0;4;47909441536;0;0;14844572672;14840877056;153149440;0;8192;14844035072;56320786432;47909441536;0;0;14840877056;153149440;8192;56320786432;10.991792334585593;opencraft.x86_64;0;13836;165098;44;120;408843;1;running;None;5378;5378;5378;zmr280;66125335845;541324198567;171360872;740435822;0;0;0;0;0;0;0;0;0;0;0;0;0;0;0;0;0;0;0;0;0;0;0;0;0;0;0;0;19990261665;63903013119;10634128;12525335;0;0;0;0;0;0;0;0;0;0;0;0;12908966;12908966;71774;71774;0;0;0;0;443512;9342895104;3395412;420476285952;497;2242560;11;1057792;381487;9084290048;250898;11294187520;61343;252192768;3144491;409180811264;56;1728512;0;0;0.0;0.0;43475710.08;780.79;15130.76;614.74;3996.67;0.0;1840208.22;1625274.83;13.6;2.7831249999999983;1500.0;2800.0;75443805944;6423897221;1048276777;0
1722710062984.4634;8;650.6;0.0;0.0;0.0;74.57;901.61;1722709911.89;/home/zmr280;/var/scratch/zmr280/opencraft/opencraft.x86_64;5378;5378;5378;4096;68867500;167166;237568;33753;585;0;4;47909445632;0;0;14844576768;14840881152;153149440;0;8192;14844039168;56320786432;47909445632;0;0;14840881152;153149440;8192;56320786432;10.991795368259496;opencraft.x86_64;0;13928;166180;44;120;408843;1;running;None;5378;5378;5378;zmr280;66128038850;541325275585;171366462;740442246;0;0;0;0;0;0;0;0;0;0;0;0;0;0;0;0;0;0;0;0;0;0;0;0;0;0;0;0;19990261665;63903013119;10634128;12525335;0;0;0;0;0;0;0;0;0;0;0;0;12908966;12908966;71774;71774;0;0;0;0;443512;9342895104;3395412;420476285952;497;2242560;11;1057792;381487;9084290048;250898;11294187520;61343;252192768;3144491;409180811264;56;1728512;0;0;0.0;0.0;43475756.74;780.79;15130.87;614.75;3996.73;0.0;1840208.72;1625282.02;14.4;2.6784583333333316;1500.0;2800.0;75443884354;6423950009;1048299048;0
1722710064123.9727;32;807.6;0.0;0.0;0.0;74.91;910.48;1722709911.89;/home/zmr280;/var/scratch/zmr280/opencraft/opencraft.x86_64;5378;5378;5378;4096;69171180;167998;241664;33780;586;0;4;47909445632;0;0;14844576768;14840877056;153149440;0;8192;14844039168;56320786432;47909445632;0;0;14840877056;153149440;8192;56320786432;10.991792334585593;opencraft.x86_64;0;14022;167036;44;120;408843;1;running;None;5378;5378;5378;zmr280;66130737178;541326350748;171371872;740448680;0;0;0;0;0;0;0;0;0;0;0;0;0;0;0;0;0;0;0;0;0;0;0;0;0;0;0;0;19990262453;63903013325;10634130;12525336;0;0;0;0;0;0;0;0;0;0;0;0;12908966;12908966;71774;71774;0;0;0;0;443512;9342895104;3395412;420476285952;497;2242560;11;1057792;381487;9084290048;250898;11294187520;61343;252192768;3144491;409180811264;56;1728512;0;0;0.0;0.0;43475801.77;780.79;15130.99;614.75;3996.79;0.0;1840209.2;1625291.25;18.0;2.7705624999999987;1500.0;2800.0;75443958468;6424003249;1048323365;0
1722710065263.6704;8;707.1;0.0;0.0;0.0;75.32;918.12;1722709911.89;/home/zmr280;/var/scratch/zmr280/opencraft/opencraft.x86_64;5378;5378;5378;4096;69469020;168814;241664;33780;586;0;4;47909441536;0;0;14844576768;14840877056;153149440;0;8192;14844039168;56320786432;47909441536;0;0;14840877056;153149440;8192;56320786432;10.991792334585593;opencraft.x86_64;0;14115;167930;44;120;408843;1;running;None;5378;5378;5378;zmr280;66133495397;541327424836;171377372;740455078;0;0;0;0;0;0;0;0;0;0;0;0;0;0;0;0;0;0;0;0;0;0;0;0;0;0;0;0;19990262851;63903013689;10634133;12525338;0;0;0;0;0;0;0;0;0;0;0;0;12908966;12908966;71774;71774;0;0;0;0;443512;9342895104;3395412;420476285952;497;2242560;11;1057792;381487;9084290048;250898;11294187520;61343;252192768;3144491;409180811264;56;1728512;0;0;0.0;0.0;43475847.88;780.79;15131.11;614.76;3996.85;0.0;1840209.69;1625298.92;15.3;2.7495208333333316;1500.0;2800.0;75444033342;6424055036;1048346188;0
1722710066401.619;6;701.9;0.0;0.0;0.0;75.71;925.72;1722709911.89;/home/zmr280;/var/scratch/zmr280/opencraft/opencraft.x86_64;5378;5378;5378;4096;69761020;169614;241664;33780;586;0;4;47909445632;0;0;14844576768;14840881152;153149440;0;8192;14844039168;56320786432;47909445632;0;0;14840881152;153149440;8192;56320786432;10.991795368259496;opencraft.x86_64;0;14209;168608;44;120;408843;1;running;None;5378;5378;5378;zmr280;66136187325;541328503296;171382962;740461542;0;0;0;0;0;0;0;0;0;0;0;0;0;0;0;0;0;0;0;0;0;0;0;0;0;0;0;0;19990263149;63903013871;10634136;12525339;0;0;0;0;0;0;0;0;0;0;0;0;12908966;12908966;71774;71774;0;0;0;0;443512;9342895104;3395412;420476285952;497;2242560;11;1057792;381487;9084290048;250898;11294187520;61343;252192768;3144491;409180811264;56;1728512;0;0;0.0;0.0;43475893.97;780.79;15131.23;614.76;3996.91;0.0;1840210.21;1625306.55;15.3;2.7714166666666653;1500.0;2800.0;75444107798;6424106651;1048368681;0
1722710067541.7158;7;829.4;0.0;0.0;0.0;76.13;934.76;1722709911.89;/home/zmr280;/var/scratch/zmr280/opencraft/opencraft.x86_64;5378;5378;5378;4096;70045720;170394;245760;33807;587;0;4;47909445632;0;0;14844576768;14840877056;153149440;0;8192;14844039168;56320786432;47909445632;0;0;14840877056;153149440;8192;56320786432;10.991792334585593;opencraft.x86_64;0;14301;169305;44;120;408843;1;running;None;5378;5378;5378;zmr280;66138839948;541329578918;171388464;740467951;0;0;0;0;0;0;0;0;0;0;0;0;0;0;0;0;0;0;0;0;0;0;0;0;0;0;0;0;19990272089;63903014481;10634142;12525342;0;0;0;0;0;0;0;0;0;0;0;0;12908966;12908966;71774;71774;0;0;0;0;443512;9342895104;3395412;420476285952;497;2242560;11;1057792;381487;9084290048;250898;11294187520;61343;252192768;3144491;409180811264;56;1728512;0;0;0.0;0.0;43475938.84;780.79;15131.35;614.77;3996.96;0.0;1840210.68;1625315.39;17.5;2.762166666666665;1500.0;2800.0;75444181765;6424159542;1048391856;0
1722710068682.6682;7;715.3;0.0;0.0;0.0;76.54;942.42;1722709911.89;/home/zmr280;/var/scratch/zmr280/opencraft/opencraft.x86_64;5378;5378;5378;4096;70378600;171306;245760;33807;587;0;4;47909441536;0;0;14844568576;14840877056;153149440;0;8192;14844030976;56320786432;47909441536;0;0;14840877056;153149440;8192;56320786432;10.991792334585593;opencraft.x86_64;0;14392;170131;44;120;408843;1;running;None;5378;5378;5378;zmr280;66141635854;541330659887;171393964;740474365;0;0;0;0;0;0;0;0;0;0;0;0;0;0;0;0;0;0;0;0;0;0;0;0;0;0;0;0;19990272089;63903014481;10634142;12525342;0;0;0;0;0;0;0;0;0;0;0;0;12908966;12908966;71774;71774;0;0;0;0;443512;9342895104;3395412;420476285952;497;2242560;11;1057792;381487;9084290048;250898;11294187520;61343;252192768;3144491;409180811264;56;1728512;0;0;0.0;0.0;43475984.68;780.79;15131.46;614.77;3997.02;0.0;1840211.21;1625323.11;15.5;2.792937499999999;1500.0;2800.0;75444261573;6424213610;1048415281;0
1722710069812.4556;6;669.8;0.0;0.0;0.0;76.94;949.67;1722709911.89;/home/zmr280;/var/scratch/zmr280/opencraft/opencraft.x86_64;5378;5378;5378;4096;70699800;172186;245760;33807;587;0;4;47909445632;0;0;14844576768;14840881152;153149440;0;8192;14844039168;56320786432;47909445632;0;0;14840881152;153149440;8192;56320786432;10.991795368259496;opencraft.x86_64;0;14484;171124;44;120;408843;1;running;None;5378;5378;5378;zmr280;66144343520;541331742330;171399465;740480799;0;0;0;0;0;0;0;0;0;0;0;0;0;0;0;0;0;0;0;0;0;0;0;0;0;0;0;0;19990272089;63903014481;10634142;12525342;0;0;0;0;0;0;0;0;0;0;0;0;12908966;12908966;71774;71774;0;0;0;0;443512;9342895104;3395412;420476285952;497;2242560;11;1057792;381487;9084290048;250898;11294187520;61343;252192768;3144491;409180811264;56;1728512;0;0;0.0;0.0;43476031.1;780.79;15131.57;614.77;3997.08;0.0;1840211.69;1625330.4;14.6;2.7495208333333316;1500.0;2800.0;75444337856;6424266126;1048437392;0
1722710070950.5918;6;822.5;0.0;0.0;0.0;77.32;958.55;1722709911.89;/home/zmr280;/var/scratch/zmr280/opencraft/opencraft.x86_64;5378;5378;5378;4096;71006400;173026;249856;33834;588;0;4;47909441536;0;0;14844576768;14840877056;153149440;0;8192;14844039168;56320786432;47909441536;0;0;14840877056;153149440;8192;56320786432;10.991792334585593;opencraft.x86_64;0;14569;171916;44;120;408843;1;running;None;5378;5378;5378;zmr280;66149701877;541333899590;171410465;740493696;0;0;0;0;0;0;0;0;0;0;0;0;0;0;0;0;0;0;0;0;0;0;0;0;0;0;0;0;19990272933;63903014687;10634144;12525343;0;0;0;0;0;0;0;0;0;0;0;0;12908966;12908966;71774;71774;0;0;0;0;443512;9342895104;3395412;420476285952;497;2242560;11;1057792;381487;9084290048;250898;11294187520;61343;252192768;3144491;409180811264;56;1728512;0;0;0.0;0.0;43476075.55;780.79;15131.69;614.78;3997.13;0.0;1840212.15;1625339.16;17.5;2.3180625000000004;1500.0;2800.0;75444413068;6424318951;1048460248;0
1722710072077.1868;8;661.3;0.0;0.0;0.0;77.73;965.67;1722709911.89;/home/zmr280;/var/scratch/zmr280/opencraft/opencraft.x86_64;5378;5378;5378;4096;71330520;173914;249856;33834;588;0;4;47909445632;0;0;14844576768;14840872960;153149440;0;8192;14844039168;56320786432;47909445632;0;0;14840872960;153149440;8192;56320786432;10.991789300911691;opencraft.x86_64;0;14663;172902;44;120;408843;1;running;None;5378;5378;5378;zmr280;66152451120;541334976213;171415965;740500109;0;0;0;0;0;0;0;0;0;0;0;0;0;0;0;0;0;0;0;0;0;0;0;0;0;0;0;0;19990280669;63903015091;10634148;12525345;0;0;0;0;0;0;0;0;0;0;0;0;12908966;12908966;71774;71774;0;0;0;0;443512;9342895104;3395412;420476285952;497;2242560;11;1057792;381487;9084290048;250898;11294187520;61343;252192768;3144491;409180811264;56;1728512;0;0;0.0;0.0;43476122.02;780.79;15131.8;614.78;3997.19;0.0;1840212.62;1625346.38;14.5;2.7475208333333314;1500.0;2800.0;75444489942;6424371255;1048483194;0
1722710073215.6252;8;709.9;0.0;0.0;0.0;78.1;973.34;1722709911.89;/home/zmr280;/var/scratch/zmr280/opencraft/opencraft.x86_64;5378;5378;5378;4096;71645880;174778;249856;33834;588;0;4;47909441536;0;0;14844572672;14840877056;153149440;0;8192;14844035072;56320786432;47909441536;0;0;14840877056;153149440;8192;56320786432;10.991792334585593;opencraft.x86_64;0;14753;173641;44;120;408843;1;running;None;5378;5378;5378;zmr280;66155144279;541336051937;171421555;740506565;0;0;0;0;0;0;0;0;0;0;0;0;0;0;0;0;0;0;0;0;0;0;0;0;0;0;0;0;19990280669;63903015091;10634148;12525345;0;0;0;0;0;0;0;0;0;0;0;0;12908966;12908966;71774;71774;0;0;0;0;443512;9342895104;3395412;420476285952;497;2242560;11;1057792;381487;9084290048;250898;11294187520;61343;252192768;3144491;409180811264;56;1728512;0;0;0.0;0.0;43476168.05;780.79;15131.91;614.79;3997.25;0.0;1840213.07;1625353.78;14.9;2.7943124999999984;1500.0;2800.0;75444566547;6424423966;1048506118;0
1722710074347.4558;7;799.0;0.0;0.0;0.0;78.44;982.08;1722709911.89;/home/zmr280;/var/scratch/zmr280/opencraft/opencraft.x86_64;5378;5378;5378;4096;71949560;175610;253952;33861;589;0;4;47909445632;0;0;14846415872;14842720256;153149440;0;8192;14845878272;56320786432;47909445632;0;0;14842720256;153149440;8192;56320786432;10.993157487841339;opencraft.x86_64;0;14845;174602;44;120;408843;1;running;None;5378;5378;5378;zmr280;66157723092;541337119991;171427062;740512966;0;0;0;0;0;0;0;0;0;0;0;0;0;0;0;0;0;0;0;0;0;0;0;0;0;0;0;0;19990281541;63903015297;10634150;12525346;0;0;0;0;0;0;0;0;0;0;0;0;12908966;12908966;71774;71774;0;0;0;0;443512;9342895104;3395412;420476285952;497;2242560;11;1057792;381487;9084290048;250898;11294187520;61343;252192768;3144491;409180811264;56;1728512;0;0;0.0;0.0;43476213.16;780.79;15132.03;614.79;3997.31;0.0;1840213.54;1625362.97;17.9;2.7706458333333317;1500.0;2800.0;75444641003;6424477172;1048529727;0
1722710075487.742;8;648.1;0.0;0.0;0.0;78.84;989.03;1722709911.89;/home/zmr280;/var/scratch/zmr280/opencraft/opencraft.x86_64;5378;5378;5378;4096;72279520;176514;253952;33861;589;0;4;47909441536;0;0;14846337024;14842716160;153149440;0;8192;14845853696;56320786432;47909441536;0;0;14842716160;153149440;8192;56320786432;10.993154454167437;opencraft.x86_64;0;14935;175594;44;120;408843;1;running;None;5378;5378;5378;zmr280;66160370126;541338203590;171432580;740519420;0;0;0;0;0;0;0;0;0;0;0;0;0;0;0;0;0;0;0;0;0;0;0;0;0;0;0;0;19990432441;63903180189;10635064;12526252;0;0;0;0;0;0;0;0;0;0;0;0;12908966;12908966;71774;71774;0;0;0;0;443512;9342895104;3395412;420476285952;497;2242560;11;1057792;381487;9084290048;250898;11294187520;61343;252192768;3144491;409180811264;56;1728512;0;0;0.0;0.0;43476259.16;780.79;15132.14;614.79;3997.38;0.0;1840214.11;1625370.36;15.0;2.725145833333332;1500.0;2800.0;75444723093;6424533970;1048557430;0
